1.000000000000000000e+00 0.000000000000000000e+00 0.000000000000000000e+00 0.000000000000000000e+00 0.000000000000000000e+00 1.000000000000000000e+00 0.000000000000000000e+00 0.000000000000000000e+00 0.000000000000000000e+00 0.000000000000000000e+00 1.000000000000000000e+00 0.000000000000000000e+00
1.000000000000000000e+00 -7.415907636431355642e-15 3.366672774205242902e-14 9.167992760236838568e-02 -7.761448786151210112e-15 -1.000000000000000000e+00 -3.561063310701419837e-16 -3.400723325112658666e-16 3.549165487485912668e-14 4.636070720101251439e-17 -1.000000000000000000e+00 1.533148412378863865e-15
1.000000000000000222e+00 1.300192888417468942e-14 -2.874006528608153958e-13 -2.699584475980842946e-03 -1.334747003389505034e-14 1.000000000000000000e+00 -1.309228205864563650e-15 6.550185120837648537e-16 2.892255799936226552e-13 1.729996132200502661e-15 1.000000000000000222e+00 -1.384602990141227629e-14
9.999751594199716154e-01 -1.441798383153750909e-03 -6.899402903505598254e-03 -1.801503541727025523e-02 1.444249070595929373e-03 9.999988957398703304e-01 3.502337248980761687e-04 -8.536118261952758621e-03 6.898890318354166350e-03 -3.601894811192234169e-04 9.999761375032475419e-01 9.647042974752635669e-02
9.999751594199716154e-01 -1.446676743551503826e-03 -6.898381650956411475e-03 -1.224467008712052246e-01 1.444249070596311012e-03 9.999988933872593355e-01 -3.568877677442354956e-04 -8.686947344400633431e-03 6.898890318355437902e-03 3.469159211581030237e-04 9.999761421962624075e-01 9.574994924458683776e-02
9.999751594199716154e-01 -1.451554380578730071e-03 -6.897356949067530614e-03 -2.371454785571240620e-01 1.444249070596147514e-03 9.999983910133531939e-01 -1.064009081934035820e-03 -8.852605062497114624e-03 6.898890318358557802e-03 1.054021149969004700e-03 9.999756468793582487e-01 9.495863530092665816e-02
9.997768376588509476e-01 2.663638527816743077e-04 -2.112353974044150692e-02 -2.339847885729947341e-01 -3.205935003270352665e-04 9.999966617703915928e-01 -2.563916512011851605e-03 -5.049037929555055468e-03 2.112278629053777543e-02 2.570116411946237432e-03 9.997735855687297502e-01 2.228313930386625341e-01
9.997768376588509476e-01 2.663638527816696998e-04 -2.112353974044056323e-02 -3.748106030104276787e-01 -3.205935003270263218e-04 9.999966617703915928e-01 -2.563916512012351205e-03 -5.003880011222078435e-03 2.112278629053683174e-02 2.570116411946147227e-03 9.997735855687297502e-01 2.198560954817484203e-01
9.992446019415399672e-01 -6.299535256602378222e-04 -3.885651360132192506e-02 -4.124760288930754970e-01 5.389537873171820455e-04 9.999970879298912818e-01 -2.352373387284791527e-03 -1.156842982200601173e-02 3.885788233434164102e-02 2.329654543828360395e-03 9.992420315870413905e-01 3.695512234124628259e-01
9.982544358038939469e-01 -3.394454595089095496e-03 -5.896235303863530536e-02 -4.354791335001377828e-01 3.234391596733208075e-03 9.999908215746359241e-01 -2.809889229929258669e-03 -9.620017357899848451e-03 5.897134989848936554e-02 2.614277048703123919e-03 9.982562523954778833e-01 5.338884336825853172e-01
9.966994887974699457e-01 -3.197874629327164021e-03 -8.111659897159749499e-02 -4.710654265030643773e-01 2.976310109277389461e-03 9.999915032330204401e-01 -2.852199133650595506e-03 -1.321541824827780938e-02 8.112503071800776511e-02 2.601357264909196030e-03 9.967005379407517518e-01 7.043631249734300104e-01
9.943994303594230200e-01 3.660416999138862352e-04 -1.056865124523017896e-01 -5.241664436601858323e-01 -8.108452289959772706e-04 9.999909944074747425e-01 -4.165769312614590186e-03 -1.643799705894375546e-02 1.056840358373571653e-01 4.228134035864317304e-03 9.943907720065107148e-01 8.780831223060118207e-01
9.912187648840765641e-01 2.229422222614605136e-03 -1.322134252571967872e-01 -5.598453583332319017e-01 -2.964843506856184620e-03 9.999812088759439943e-01 -5.365780277570839259e-03 -2.821784710790039771e-02 1.321989782285309667e-01 5.710654214766562944e-03 9.912067486572986308e-01 1.063096706578912531e+00
9.872718251437270220e-01 5.672726092338650945e-03 -1.589407545472717176e-01 -6.356028175259675894e-01 -6.846881396734446484e-03 9.999531611346593740e-01 -6.840742060827538669e-03 -3.147376610070054537e-02 1.588945042866961865e-01 7.841920395223588719e-03 9.872644229344045286e-01 1.244776015751670073e+00
9.820423025886163559e-01 6.463216459909994563e-03 -1.885501067606209225e-01 -6.950949518884981249e-01 -7.777415665666189033e-03 9.999503419905191315e-01 -6.230999808157662405e-03 -4.780691364686203565e-02 1.885004714371132650e-01 7.585537953115771906e-03 9.820438034435891028e-01 1.440107170211420984e+00
9.757226091058768258e-01 9.040917523871023695e-03 -2.188233348844395854e-01 -7.829967773535259079e-01 -1.070427581648589373e-02 9.999221172271831604e-01 -6.417005466287725376e-03 -4.751579034241490418e-02 2.187482766991940275e-01 8.603562647899569427e-03 9.757433935983883533e-01 1.632999296424720637e+00
9.678609869327334803e-01 1.113338934695455931e-02 -2.512392437801963530e-01 -8.566620647582872117e-01 -1.309784319910515561e-02 9.998953176288929434e-01 -6.148193828221844119e-03 -4.306293162292093579e-02 2.511444932247752782e-01 9.241289166931655752e-03 9.679054923376595454e-01 1.838905281888457033e+00
9.578450120556346592e-01 1.113362797590458642e-02 -2.870696347721858332e-01 -9.354254261348003974e-01 -1.326810898884570565e-02 9.998968975457777075e-01 -5.491043816219384754e-03 -3.867599954976348731e-02 2.869789019492618998e-01 9.068440131890545888e-03 9.578939780735515885e-01 2.047577530509616661e+00
9.470143124371768195e-01 1.417956543800066860e-02 -3.208782198329019897e-01 -1.039477385362928219e+00 -1.675388857302390760e-02 9.998457919479257772e-01 -5.263035408496504093e-03 -4.940096946707692172e-02 3.207541102726941262e-01 1.036012779930104918e-02 9.471058380641300678e-01 2.245825349026335349e+00
9.346874070059474349e-01 1.683574047289763259e-02 -3.550718364320507581e-01 -1.156692791070186521e+00 -1.986604474654648719e-02 9.997906918481894722e-01 -4.890067468842877393e-03 -4.855783269854631323e-02 3.549151890954096999e-01 1.162455747333500204e-02 9.348262288858407709e-01 2.445556642245520607e+00
9.202866261465709741e-01 1.799059727878056514e-02 -3.908309917922528354e-01 -1.278640576238723625e+00 -2.129650593510516721e-02 9.997646902480022968e-01 -4.125889997968506216e-03 -5.124773687306487246e-02 3.906647982231337690e-01 1.212033592240971402e-02 9.204532105905276484e-01 2.645725362579153916e+00
9.044339328529845679e-01 1.376517605757002390e-02 -4.263915818026774440e-01 -1.416758787503531014e+00 -1.754017026725453524e-02 9.998340174329943819e-01 -4.927475093501615909e-03 -5.825461373157532485e-02 4.262529806712016534e-01 1.193555662319445952e-02 9.045252561189294216e-01 2.837389274606426426e+00
8.841588928968439065e-01 7.684083406500875034e-03 -4.671231175756895837e-01 -1.538101581189980083e+00 -1.135938981842688975e-02 9.999227166036246395e-01 -5.052235444168994526e-03 -6.626088018397981172e-02 4.670481949160982249e-01 9.773212482712302293e-03 8.841778485934751464e-01 3.046425730164347812e+00
8.624789679472983916e-01 1.031250138566381681e-02 -5.059878280786370697e-01 -1.716300282318194759e+00 -1.351527518415816635e-02 9.999051306255710703e-01 -2.658399021879883414e-03 -6.589742954622830606e-02 5.059124105863239684e-01 9.131377981101031563e-03 8.625365214012130632e-01 3.223631942862744015e+00
8.371994561436011395e-01 1.368586738154313476e-02 -5.467264102518517577e-01 -1.911065036792730210e+00 -1.547684013074969792e-02 9.998793423021886673e-01 1.329758216129782152e-03 -7.047089891453439670e-02 5.466786423964555830e-01 7.348324391381135662e-03 8.373102555661263713e-01 3.400683824337680239e+00
8.073650723906171667e-01 1.616216498163570645e-02 -5.898308438076140803e-01 -2.106907819363592616e+00 -1.692681454794394899e-02 9.998477934665799260e-01 4.227629273491443143e-03 -8.747503632655453942e-02 5.898093953413753310e-01 6.570717093357127808e-03 8.075157601210800618e-01 3.582430879216624398e+00
7.728525784425114287e-01 1.506299256809919690e-02 -6.344068081678010396e-01 -2.301628756307170232e+00 -1.539914953040595787e-02 9.998690211687212281e-01 4.980632574968606174e-03 -9.234717119592722456e-02 6.343987375369752879e-01 5.920030574245635155e-03 7.729833083899658730e-01 3.776028254674975493e+00
7.355037581555443627e-01 1.142236528808194748e-02 -6.774243509871030744e-01 -2.520374939077910437e+00 -1.042720365950415388e-02 9.999302934649644259e-01 5.539100551213983238e-03 -9.202996269710965460e-02 6.774403997127126376e-01 2.989612399432101109e-03 7.355715920661878293e-01 3.954124852596021089e+00
6.962331846679729042e-01 1.025680960380822605e-02 -7.177423983741281210e-01 -2.767792619932136322e+00 -8.760741185932749073e-03 9.999448530946399849e-01 5.791388729414751434e-03 -1.033987968042372751e-01 7.177622182735534651e-01 2.255798371597188181e-03 6.962846468167597225e-01 4.112414749011512605e+00
6.552915917404634749e-01 1.166319305335956381e-02 -7.552859721470085441e-01 -3.039865804555420326e+00 -9.836466263866732590e-03 9.999277675253595010e-01 6.906783853121004936e-03 -1.043450487097050960e-01 7.553119711256378599e-01 2.903387599678209328e-03 6.553589830121769877e-01 4.247678104394613463e+00
6.092121813990127865e-01 1.155113695582591499e-02 -7.929231294836127653e-01 -3.310038429028906215e+00 -6.708185068755530972e-03 9.999331971322593660e-01 9.412838357545156437e-03 -1.000353205036162846e-01 7.929788889296783827e-01 -4.153406910822594433e-04 6.092489714426841951e-01 4.414156884039698525e+00
5.610345374440048882e-01 1.396559225274057736e-02 -8.276745797884719202e-01 -3.611281662447849872e+00 -8.046342435369469373e-03 9.999024440604804553e-01 1.141747499644152862e-02 -1.086924148807898866e-01 8.277532870175822177e-01 2.541552906229245382e-04 5.610921771301771166e-01 4.540246515269386940e+00
5.102170323590732304e-01 1.492768468632257178e-02 -8.599161262126721050e-01 -3.919624113922858033e+00 -4.692946419009259504e-03 9.998827958363711854e-01 1.457294906166127328e-02 -1.111435811868845686e-01 8.600328808508527212e-01 -3.399826517801254454e-03 5.102272876229161369e-01 4.676881284942822070e+00
4.592012062800912564e-01 1.867910560836802403e-02 -8.881358810252980573e-01 -4.264464505447471687e+00 -9.244711854951117788e-03 9.998252494813638647e-01 1.624825536021807029e-02 -1.127555867560979808e-01 8.882841816972966154e-01 7.493418467641425754e-04 4.592936435801899808e-01 4.754949788313759029e+00
4.067790545173390893e-01 2.065485699110141543e-02 -9.132930404249549605e-01 -4.620268092475785515e+00 -1.125640302804150304e-02 9.997817906101731378e-01 1.759728829081072879e-02 -9.741653864839114330e-02 9.134572207809501521e-01 3.122186252724876501e-03 4.069227909028337864e-01 4.840078425408322893e+00
3.541119336064826317e-01 2.403090766950770341e-02 -9.348942474708353823e-01 -4.993512340754455714e+00 -1.342716298707973509e-02 9.996974073476585509e-01 2.061079902603225183e-02 -8.754454065111469396e-02 9.351066515492251208e-01 5.254447540192440022e-03 3.543274488512697662e-01 4.925239968957924042e+00
3.013148829688490626e-01 2.531644723484133622e-02 -9.531885536455398933e-01 -5.375782694229926939e+00 -1.007688046662053548e-02 9.996761974099904746e-01 2.336571873422817192e-02 -7.439562385829753821e-02 9.534714457085420314e-01 2.564728311351182309e-03 3.014724272419573858e-01 5.013925458516036215e+00
2.523449201291189103e-01 2.552032282332405630e-02 -9.673007569561931085e-01 -5.777423157060565195e+00 -1.101038642259672372e-02 9.996631616009011845e-01 2.350180267383993743e-02 -6.656937563634016120e-02 9.675747065089400634e-01 4.719794602338778927e-03 2.525409092861133908e-01 5.057816643660571820e+00
2.065783256551562697e-01 2.702441319711567855e-02 -9.780567859080911974e-01 -6.198194364516509403e+00 -1.672504014917005830e-02 9.995699693280148956e-01 2.408629173626725475e-02 -6.445891031325953757e-02 9.782871093914752292e-01 1.138233319436225341e-02 2.069414750346851573e-01 5.077743225371404989e+00
1.646664605755183974e-01 2.824240673427940579e-02 -9.859448885325129419e-01 -6.633379248131050510e+00 -1.867726270102725711e-02 9.995000409047838374e-01 2.551133256685627834e-02 -6.093564472732780624e-02 9.861724578487957027e-01 1.421389085350854842e-02 1.651116249307604811e-01 5.118147108051843475e+00
1.268951654566888299e-01 2.659535028886977903e-02 -9.915595314083438527e-01 -7.082572703137146597e+00 -1.925223627557660216e-02 9.995182200157745056e-01 2.434500472154298503e-02 -4.338669773819377184e-02 9.917292818012968247e-01 1.600047497779005443e-02 1.273460498734683144e-01 5.143852088570572967e+00
9.183787698382607501e-02 2.366060621037845840e-02 -9.954928327541410216e-01 -7.545975243676955380e+00 -1.748910635320035170e-02 9.996017894932520687e-01 2.214483237370751256e-02 -3.399252288756894613e-02 9.956203772071348101e-01 1.537654563452259607e-02 9.221510903468661813e-02 5.176339621894978649e+00
6.139037913241430361e-02 2.064455689405460259e-02 -9.979003074559253950e-01 -8.023240274926600080e+00 -1.890481107901119742e-02 9.996307725897809471e-01 1.951734125412226198e-02 -2.961088437451327160e-02 9.979347821716869626e-01 1.766693980889494711e-02 6.175799356960531145e-02 5.161554518330516927e+00
3.448144875181877178e-02 1.927964550072701344e-02 -9.992193577795346338e-01 -8.518773431756711645e+00 -1.785794634699983119e-02 9.996661690328016991e-01 1.867201766157386422e-02 -3.224338342411757485e-02 9.992457772961820250e-01 1.720016746002086400e-02 3.481423265137115891e-02 5.160005093520003250e+00
1.342630236859322646e-02 1.657266589569518500e-02 -9.997725147001293999e-01 -9.028843506215618930e+00 -1.824173589615485716e-02 9.997002974217576998e-01 1.632649400051215671e-02 -1.940136699835329909e-02 9.997434538301362972e-01 1.801838172432537050e-02 1.372459266552001657e-02 5.151697181092271371e+00
-3.416229591013052961e-03 1.549310905802480515e-02 -9.998741385529986703e-01 -9.558241994403397612e+00 -1.668510423774510407e-02 9.997398991051664741e-01 1.554803633167243723e-02 -6.025965473245943615e-03 9.998549578173656638e-01 1.673611988818337823e-02 -3.156836887041177160e-03 5.155605092266079659e+00
-1.590809907313384813e-02 1.530932093253622485e-02 -9.997562488309175155e-01 -1.010196261908713744e+01 -1.734665904273328951e-02 9.997280650413964409e-01 1.558490900341201642e-02 8.922594540177712294e-03 9.997229745304163639e-01 1.759035705078661888e-02 -1.563820753448005516e-02 5.117438012924419688e+00
-2.561995389205536447e-02 1.653537183020533513e-02 -9.995349916041006422e-01 -1.066091648250706569e+01 -2.027197635885466531e-02 9.996489935371968283e-01 1.705686649357054940e-02 7.909105472403074599e-03 9.994661899919798920e-01 2.069954585275716324e-02 -2.527575645583734348e-02 5.099573073425135661e+00
-3.228413765093145205e-02 1.770226899484051222e-02 -9.993219521898707436e-01 -1.123764953895759255e+01 -2.347639372467744470e-02 9.995538554091801808e-01 1.846480637136327027e-02 7.517373447100859744e-03 9.992029790757378516e-01 2.405659595791610414e-02 -3.185414882080778165e-02 5.076877588912368289e+00
-3.758532968388541423e-02 1.840487578638883362e-02 -9.991239180100961459e-01 -1.182709438492753584e+01 -2.150176303685496365e-02 9.995840038782387582e-01 1.922221051440351283e-02 2.014743981851819035e-02 9.990620687319031745e-01 2.220539884894652885e-02 -3.717395705462173128e-02 5.053104859561945439e+00
-3.837018821894359194e-02 1.884621378391100263e-02 -9.990858566119621420e-01 -1.243379858102952973e+01 -2.076926077636400900e-02 9.995911073555815429e-01 1.965339417121168830e-02 2.423566271354016949e-02 9.990477298221822622e-01 2.150437912744370544e-02 -3.796307700249237221e-02 5.014973892089405361e+00
-3.726715289354091271e-02 2.195122086919052556e-02 -9.990642137608403139e-01 -1.305678634832244889e+01 -1.834723364247531352e-02 9.995751596541911921e-01 2.264683686455207581e-02 2.196147683158741065e-02 9.991368966927846040e-01 1.917404768569469509e-02 -3.684857612539529925e-02 4.991085631688992663e+00
-3.560806312846046678e-02 2.472720702264241677e-02 -9.990598736177443984e-01 -1.369551311206283906e+01 -1.960822662809871136e-02 9.994841159766618688e-01 2.543657521864602089e-02 2.536279014748709509e-02 9.991734500519676709e-01 2.049553959309678014e-02 -3.510483681841217174e-02 4.963155556020298675e+00
-3.426050990422409986e-02 2.476194117593931085e-02 -9.991061323654792936e-01 -1.435021563294651337e+01 -2.222237863719213335e-02 9.994269791894120347e-01 2.553192425246677763e-02 2.957699455739126737e-02 9.991658437660982939e-01 2.307725151589483728e-02 -3.369060868646561041e-02 4.939889625172110499e+00
-3.295380534339450995e-02 2.213459677459504379e-02 -9.992117424945627935e-01 -1.501518830920780623e+01 -2.204244802959885383e-02 9.994954689713779761e-01 2.286783746989484722e-02 4.188648382582130236e-02 9.992137795278165369e-01 2.277865516911136215e-02 -3.244927842702904908e-02 4.915008653856234311e+00
-3.152585830431481329e-02 2.197079206905487234e-02 -9.992614295338529962e-01 -1.569830173779520699e+01 -2.293732959305991997e-02 9.994791762342053465e-01 2.269923314422716068e-02 5.389675053826761125e-02 9.992397105646504407e-01 2.363600156657287565e-02 -3.100548758896597146e-02 4.886537868877750768e+00
-3.036320156098045939e-02 2.483307091130238647e-02 -9.992304011488472026e-01 -1.639869864016781520e+01 -2.255497163693528234e-02 9.994197528101879113e-01 2.552314532502663116e-02 6.825795161256230370e-02 9.992844185943433599e-01 2.331257776265271975e-02 -2.978547418854017581e-02 4.874213049541658904e+00
-2.952282337446036214e-02 2.892670140231322351e-02 -9.991454593030920650e-01 -1.711583412462076836e+01 -2.102723608245658099e-02 9.993420004244284449e-01 2.955370586639105915e-02 7.381221264228440826e-02 9.993429132398665704e-01 2.188177629183800030e-02 -2.889514878973871437e-02 4.862769529532038781e+00
-2.812062102132665414e-02 3.035430155871374561e-02 -9.991435567776346671e-01 -1.784715449348231431e+01 -1.853921733882129066e-02 9.993510772378761953e-01 3.088238727759580471e-02 9.752520568802851286e-02 9.994326030772906488e-01 1.939177146065382620e-02 -2.753962791649732997e-02 4.855436684494121913e+00
-2.676243905878021231e-02 3.021752273804342165e-02 -9.991850044787531360e-01 -1.858900831726218073e+01 -2.016824595110444998e-02 9.993232448327539208e-01 3.076189513333727268e-02 1.013032364181340461e-01 9.994383491295956157e-01 2.097507226482447570e-02 -2.613489300924672076e-02 4.847645367992302390e+00
-2.669331008686943313e-02 2.739041807329386027e-02 -9.992683484401883032e-01 -1.934470100475812515e+01 -2.132023246498999935e-02 9.993815666512936291e-01 2.796304570764302985e-02 1.108112304980217178e-01 9.994162870817422384e-01 2.205105973370168754e-02 -2.609283197308948435e-02 4.858465475293657576e+00
-2.369726255447994132e-02 2.626475213130165937e-02 -9.993741053994299461e-01 -2.011028824007302518e+01 -2.454108469492600683e-02 9.993383019976270765e-01 2.684573192332960490e-02 1.347284647850533201e-01 9.994179180450145639e-01 2.516189492038030731e-02 -2.303701661664143280e-02 4.812774430263522696e+00
-2.163280044301760241e-02 2.810403007194490696e-02 -9.993708948327009178e-01 -2.089730635316763951e+01 -2.427894357035414660e-02 9.992952525237673855e-01 2.862745504880179898e-02 1.492667758310107784e-01 9.994711375743233761e-01 2.488296158376220382e-02 -2.093521862128623970e-02 4.792749186675872686e+00
-2.115385440722863941e-02 2.996911574188691058e-02 -9.993269567790977748e-01 -2.169105819700761728e+01 -2.219130267846186957e-02 9.992902924631490436e-01 3.043776395122533771e-02 1.631756998379913504e-01 9.995299197768734434e-01 2.282024299973960807e-02 -2.047378763888928546e-02 4.779801802758832707e+00
-1.968844584619324628e-02 3.171667847838940263e-02 -9.993029657748775385e-01 -2.249284203235658097e+01 -1.962241132342865818e-02 9.992919306684046044e-01 3.210293249644812635e-02 1.776781200693363927e-01 9.996135883800431055e-01 2.024079067911972382e-02 -1.905214735058789050e-02 4.749329958207679780e+00
-1.781597086037154526e-02 2.732530808749765450e-02 -9.994678177511427952e-01 -2.329447763887613831e+01 -1.946136373578880030e-02 9.994276184993037271e-01 2.767111675300890083e-02 1.883591235804592257e-01 9.996518626521214701e-01 1.994399455321837350e-02 -1.727398556835184687e-02 4.708627479859074150e+00
-1.806489832064467685e-02 1.992753383748493284e-02 -9.996382109762645962e-01 -2.410214127729094358e+01 -1.672435066403787918e-02 9.996554600034314175e-01 2.023011073128057682e-02 2.043173897144808515e-01 9.996969318466177867e-01 1.708375487091738643e-02 -1.772539917687271718e-02 4.713314329608007114e+00
-1.914351682894891923e-02 1.479330311636340746e-02 -9.997072991362688787e-01 -2.492434214983598650e+01 -1.197744545142343658e-02 9.998153891630520151e-01 1.502426015478469136e-02 2.152854275614325130e-01 9.997450007696401242e-01 1.226155681991298284e-02 -1.896279674716342539e-02 4.707578441682183090e+00
-1.909708983685627290e-02 1.503584127287224854e-02 -9.997045686786600882e-01 -2.575539413252617749e+01 -1.262412880777775102e-02 9.998035803313640724e-01 1.527848580311427611e-02 2.211569987053225994e-01 9.997379319259710462e-01 1.291217386067936533e-02 -1.890352439583758981e-02 4.671223576786527332e+00
-1.900832013381041630e-02 2.264781425393697090e-02 -9.995627845589369898e-01 -2.660008834104143105e+01 -1.394705013601473323e-02 9.996401312810557771e-01 2.291479270914283453e-02 2.159562162302077482e-01 9.997220431490964065e-01 1.437652398595617477e-02 -1.868560943312477449e-02 4.636020728589051565e+00
-2.046002938626095141e-02 2.985258025429479017e-02 -9.993448907407697090e-01 -2.744930437168555315e+01 -1.097819055722941764e-02 9.994871570915241366e-01 3.008159140067898779e-02 2.254620489401626682e-01 9.997303969218964692e-01 1.158646888699183843e-02 -2.012180929062736337e-02 4.626371545481151593e+00
-2.054420136201768124e-02 3.526068908021697673e-02 -9.991669628225263722e-01 -2.829769605408267452e+01 -1.411060454469716813e-02 9.992681202101870719e-01 3.555439172573979928e-02 2.394137504105402492e-01 9.996893650678643217e-01 1.482928646943470520e-02 -2.003161583665950471e-02 4.602673012100504835e+00
-2.049548886204703019e-02 3.540724406847969158e-02 -9.991627805336762425e-01 -2.914578560987393274e+01 -1.614550926456618726e-02 9.992306616117136997e-01 3.574083694613183759e-02 2.493147097562118386e-01 9.996595707874270653e-01 1.686451785546807386e-02 -1.990805290853936427e-02 4.582766519979929676e+00
-2.058549652985081080e-02 3.272819242841627785e-02 -9.992522718277874194e-01 -2.998856115893005025e+01 -1.586147592183615590e-02 9.993275842174856871e-01 3.305741979692378846e-02 2.522169832976376980e-01 9.996622684257964186e-01 1.653011924995409845e-02 -2.005253708092571280e-02 4.560795475981979763e+00
-2.051854009956154135e-02 2.936328403994838826e-02 -9.993581875696916361e-01 -3.082871595760379790e+01 -1.788684681866673301e-02 9.993978621537628060e-01 2.973169745203998668e-02 2.706398434898180660e-01 9.996294564602808963e-01 1.848541784443926903e-02 -1.998096854630352151e-02 4.553735461394429862e+00
-2.115547800031818138e-02 3.080783474459185267e-02 -9.993014175257308729e-01 -3.167367690689720661e+01 -1.630871935899655401e-02 9.993814869986683558e-01 3.115556318228664481e-02 2.849058530656174981e-01 9.996431720486346206e-01 1.695643720496700299e-02 -2.063995673121872196e-02 4.547810658021720798e+00
-2.238095574046983921e-02 3.251657856008108305e-02 -9.992205787206828171e-01 -3.251500197407925441e+01 -1.589323712890241755e-02 9.993330571098331117e-01 3.287622212305837260e-02 3.085364140087348828e-01 9.996231779194176825e-01 1.661665087393899773e-02 -2.184923522748865449e-02 4.528171930671589074e+00
-2.319417261176473510e-02 3.046930609212305033e-02 -9.992665569021744743e-01 -3.335906641750072055e+01 -1.525860109517542841e-02 9.994082359350066058e-01 3.082779651388174030e-02 3.264816236650589509e-01 9.996145284305756329e-01 1.596243501310508003e-02 -2.271552814659035663e-02 4.526972330872789385e+00
-2.372236876074967221e-02 2.520829834287668242e-02 -9.994007158867970197e-01 -3.419341634938484731e+01 -1.283467149768771284e-02 9.995919739685537042e-01 2.551777390764216683e-02 3.332511395408008781e-01 9.996361940365773302e-01 1.343232192555342784e-02 -2.338914918852220623e-02 4.532919130700824084e+00
-2.363498959325879140e-02 2.027630610515208237e-02 -9.995150117320217298e-01 -3.502891128946127708e+01 -1.295601370714645310e-02 9.997041249622546921e-01 2.058650631549753876e-02 3.595882090280948518e-01 9.996366984938853673e-01 1.343629205502905669e-02 -2.336529648999315437e-02 4.491924640780654343e+00
-2.293826849722524139e-02 2.113852296683820312e-02 -9.995133809435149397e-01 -3.586713024552464191e+01 -1.171813358584551830e-02 9.997020734507384709e-01 2.141143814794167766e-02 3.701043997714177358e-01 9.996682055480314855e-01 1.220357263588740283e-02 -2.268373054211398135e-02 4.450067001364646835e+00
-2.364567697651601824e-02 2.426101976745482017e-02 -9.994259776892793212e-01 -3.670613254764244715e+01 -6.614381647776764427e-03 9.996798158164286185e-01 2.442367303772355336e-02 3.484278206606483130e-01 9.996985205129335084e-01 7.188099128371334273e-03 -2.347763436083309674e-02 4.479927563280307723e+00
-2.345020854638112801e-02 2.905782940372533818e-02 -9.993026219666805154e-01 -3.754909892571610186e+01 -5.466369618572555593e-03 9.995588302179878593e-01 2.919355641996989811e-02 3.584379375106391818e-01 9.997100612289210320e-01 6.147152478739332376e-03 -2.328102218715538338e-02 4.465466042742717079e+00
-2.381015257219810943e-02 3.495818402621221621e-02 -9.991051005795567042e-01 -3.839285440887901757e+01 -2.814967397493473933e-04 9.993881550095755628e-01 3.497479644182883290e-02 3.669820568973881092e-01 9.997164584991500291e-01 1.114000067943544427e-03 -2.378574383479561960e-02 4.450333214169643448e+00
-2.474327468780716452e-02 3.754619362933960675e-02 -9.989885153001907270e-01 -3.922962444402990201e+01 2.318677423358249823e-03 9.992939285021947837e-01 3.750024258137793498e-02 3.915845341503287336e-01 9.996911493520077574e-01 -1.388453313568365930e-03 -2.481286167829010667e-02 4.429777818097584863e+00
-2.466933643491105166e-02 3.702728859026720165e-02 -9.990097115341383116e-01 -4.006377910664075870e+01 2.918616348884660056e-03 9.993122458622188953e-01 3.696643001996569727e-02 4.183660784648652875e-01 9.996914051438462456e-01 -2.003788777816357166e-03 -2.476043844653703918e-02 4.393612048347376842e+00
-2.461318152640867146e-02 3.209074958205038880e-02 -9.991818528608383820e-01 -4.089653617693665666e+01 1.581972072629902375e-03 9.994846458311936743e-01 3.206150514338956814e-02 4.399235919849764365e-01 9.996957980603488059e-01 -7.915421405987753574e-04 -2.465126369033101769e-02 4.386995475140192724e+00
-2.333409385185162069e-02 2.782359737838125541e-02 -9.993404662541420791e-01 -4.172451828091875115e+01 -2.677971508491729102e-03 9.996073118946263714e-01 2.789355616273456531e-02 4.472923691466805796e-01 9.997241362159469125e-01 3.327076153276361213e-03 -2.325042002970425722e-02 4.333814901315384382e+00
-2.298248052832426239e-02 2.628607148602616489e-02 -9.993902381125221446e-01 -4.255390382822068318e+01 -7.437765723216376371e-03 9.996221176016476528e-01 2.646321300690895537e-02 4.430293399601122895e-01 9.997082000413023417e-01 8.041420734800339143e-03 -2.277828621196634207e-02 4.297486770821200786e+00
-2.276897830611135376e-02 2.502480925442624946e-02 -9.994275023975888184e-01 -4.338224454567589561e+01 -1.223458584087054081e-02 9.996048324997541812e-01 2.530797803945284905e-02 4.452140773004640284e-01 9.996658884528406563e-01 1.280381837276374155e-02 -2.245381256889728352e-02 4.251635351119198880e+00
-2.483885685777202992e-02 2.257328928122582373e-02 -9.994365801795691562e-01 -4.420874744292582648e+01 -7.944260530834296521e-03 9.997090088942576225e-01 2.277687995059491169e-02 4.497508834040547243e-01 9.996599021240308858e-01 8.505536237753614712e-03 -2.465230088026267377e-02 4.248318443394008881e+00
-2.611690889612685446e-02 1.851775408139567924e-02 -9.994873685312382072e-01 -4.503480128259681692e+01 -4.699106741703348682e-03 9.998150939769196999e-01 1.864661502144351543e-02 4.556118613820218100e-01 9.996478507282207104e-01 5.183689777450125116e-03 -2.602506281932365911e-02 4.240921805378532916e+00
-2.702631125203953585e-02 1.677520260847099876e-02 -9.994939574992736109e-01 -4.585965846017619185e+01 3.742401162782888315e-04 9.998592832507466888e-01 1.677121467403949739e-02 4.574477934728953810e-01 9.996346524828219060e-01 7.921333298294635323e-05 -2.702878615115166666e-02 4.226587470424078674e+00
-2.830458049375731214e-02 2.120901537484646063e-02 -9.993743184562574600e-01 -4.668395199437102150e+01 1.410204058795197415e-03 9.997747354928462338e-01 2.117757291867180397e-02 4.491085977898521264e-01 9.995983503625814892e-01 -8.098994028021441706e-04 -2.832811351594788016e-02 4.192473610025611030e+00
-3.242888762884300197e-02 2.752632692496165615e-02 -9.990949247059476290e-01 -4.750913282781630897e+01 8.561957810151475667e-03 9.995916518508588533e-01 2.726210609128742676e-02 4.395356733061785981e-01 9.994373717875586483e-01 -7.670128818707292080e-03 -3.265132460240234569e-02 4.247133665741303687e+00
-3.626059906599823912e-02 3.137252089454795057e-02 -9.988498054703235374e-01 -4.832798132271800284e+01 1.588975975218210115e-02 9.993988587472992791e-01 3.081293023420624694e-02 4.402939516803785480e-01 9.992160349445975420e-01 -1.475418812816491239e-02 -3.673730314388801849e-02 4.247645618301013393e+00
-3.794130977605233296e-02 2.962288594968998795e-02 -9.988407989467074088e-01 -4.914035191004518310e+01 1.796200624100467019e-02 9.994192389413188993e-01 2.895774794000782748e-02 4.589661707703333593e-01 9.991185231714436732e-01 -1.684248977944067388e-02 -3.845136140312525874e-02 4.223769999283890186e+00
-4.007067922716527064e-02 2.619556045087845925e-02 -9.988534093043613948e-01 -4.994618484578785456e+01 1.843084111923911847e-02 9.995055858256558512e-01 2.547328009805807994e-02 4.617567163418633269e-01 9.990268488693995197e-01 -1.738897685262450615e-02 -4.053367392808065323e-02 4.193672677493434087e+00
-4.255290145964641529e-02 2.334976112061291215e-02 -9.988213249790894865e-01 -5.074716454389955089e+01 1.570281981533101084e-02 9.996190063193854947e-01 2.269941970393540148e-02 4.654644477508966260e-01 9.989708063938723681e-01 -1.471838512400250321e-02 -4.290334616470782569e-02 4.174721098258196150e+00
-4.531104138137933418e-02 2.174583673593675007e-02 -9.987362154811433301e-01 -5.154738282844410691e+01 1.229228100242171426e-02 9.996994911711326592e-01 2.120912963652677244e-02 4.721741752920521895e-01 9.988972967010686377e-01 -1.131573845736407943e-02 -4.556473094919133437e-02 4.146846387972137116e+00
-4.643066414315884238e-02 2.250717117661190508e-02 -9.986679231220255692e-01 -5.234452517015763107e+01 1.114213248332097776e-02 9.996956093144409028e-01 2.201230567559666132e-02 4.759401060852561094e-01 9.988593726400926132e-01 -1.010524433442676687e-02 -4.666730896454530236e-02 4.104388990575086993e+00
-4.672797595377989333e-02 2.350932194188594740e-02 -9.986309668967332520e-01 -5.313971011838749803e+01 8.034234788983664333e-03 9.996995214237252014e-01 2.315853917102092194e-02 4.804176404454795768e-01 9.988753412386484065e-01 -6.941083994088326214e-03 -4.690281461030542526e-02 4.051958963056972784e+00
-4.841034345011395457e-02 2.296676749813764823e-02 -9.985634512827600284e-01 -5.392874974024977774e+01 7.649265202143450994e-03 9.997148169346913305e-01 2.262241240692904748e-02 4.838434410350283543e-01 9.987982415828119409e-01 -6.543117905738332629e-03 -4.857221653540683137e-02 4.010828643524718018e+00
-4.932773907266631286e-02 2.328964824823624713e-02 -9.985110747720629121e-01 -5.471327971918250910e+01 1.191701340660338525e-02 9.996706576497843555e-01 2.272797891408474130e-02 4.863705934423382948e-01 9.987115494222813528e-01 -1.077815005117594392e-02 -4.958903640955999309e-02 3.962769456248029787e+00
-4.983601126770112466e-02 2.489384134144606922e-02 -9.984471286173345339e-01 -5.549467348749402618e+01 1.158512123379441643e-02 9.996364810363133069e-01 2.434524075336384763e-02 4.911019790733370249e-01 9.986902207125749609e-01 -1.035386133806451801e-02 -5.010629310244769929e-02 3.918931564942296220e+00
-4.984062180905595579e-02 2.775203580438029630e-02 -9.983715425263315346e-01 -5.627151073780457580e+01 1.241510069818366029e-02 9.995538613688990104e-01 2.716511544576696163e-02 4.918058952156973418e-01 9.986800176694976550e-01 -1.104095698933161077e-02 -5.016293030136122211e-02 3.866159730893481417e+00
-4.970578242131255819e-02 3.175938938000340273e-02 -9.982588223402297789e-01 -5.704700459216652320e+01 1.065897385079058596e-02 9.994542414278676512e-01 3.126668463872927378e-02 4.968752687922373679e-01 9.987070248427920571e-01 -9.086279659954760168e-03 -5.001717756539150045e-02 3.823239261768569985e+00
-4.866267346316992259e-02 3.426836723040929678e-02 -9.982272402708648462e-01 -5.781096094233401317e+01 8.099768996752519309e-03 9.993919494573494378e-01 3.391349439443921976e-02 4.894834798189290903e-01 9.987824277357025826e-01 -6.435088748746144345e-03 -4.891064995662743053e-02 3.747237987739256759e+00
-5.012841125054703223e-02 3.444951503710006607e-02 -9.981484725726993412e-01 -5.856943977197204987e+01 1.095237236376738789e-02 9.993638105053791465e-01 3.394141705611897208e-02 4.999876027120717659e-01 9.986827263576303348e-01 -9.230664433324332549e-03 -5.047382399836634198e-02 3.709285243086363870e+00
-5.006779533865533122e-02 3.296130139615943699e-02 -9.982017674198971902e-01 -5.931880624124273282e+01 8.522557508462083251e-03 9.994329737986866746e-01 3.257448230490301438e-02 4.976785080201796552e-01 9.987094581926466708e-01 -6.876299454577614045e-03 -5.032032017356023040e-02 3.661815635516043610e+00
-5.089397774713982914e-02 2.978176784239515776e-02 -9.982599107112655190e-01 -6.005493127857086222e+01 1.007030890825896287e-02 9.995197599962410973e-01 2.930594232494623114e-02 5.003484984759829501e-01 9.986532891387149835e-01 -8.561289695046485348e-03 -5.116944802508359424e-02 3.635138737062446612e+00
-5.096286476772330515e-02 2.692557241261736914e-02 -9.983375180593625497e-01 -6.078294378982486990e+01 1.228305972107130925e-02 9.995777869609344668e-01 2.633200064890077116e-02 5.042236288453745274e-01 9.986250111320880141e-01 -1.092068516797344360e-02 -5.127207599567983748e-02 3.581974132057869742e+00
-4.963799877830343821e-02 2.507761316555797565e-02 -9.984523936549064560e-01 -6.149355690959088605e+01 1.285317974927766872e-02 9.996179860064408063e-01 2.446789371327294169e-02 5.080399104581356795e-01 9.986845672421427178e-01 -1.161875080849356263e-02 -4.994136343785900156e-02 3.531279377776888051e+00
-4.675564220593293741e-02 2.480347385153752401e-02 -9.985983665151950683e-01 -6.218993428592841610e+01 1.122865159298851515e-02 9.996415608649011908e-01 2.430364530254425226e-02 5.061431075431755966e-01 9.988432446111462637e-01 -1.007658059485825285e-02 -4.701739272015576648e-02 3.480745088179422631e+00
-4.263403401846494606e-02 2.546272909901127132e-02 -9.987662331948108374e-01 -6.287101759167693871e+01 1.262043755527192564e-02 9.996091470676156110e-01 2.494549367465136169e-02 5.132303457715013950e-01 9.990110428314763480e-01 -1.154133985241429135e-02 -4.293872116383172510e-02 3.433918610482383560e+00
-3.570623839757747914e-02 2.693643619987567961e-02 -9.989992457176103402e-01 -6.353628960288968130e+01 1.239280564607653234e-02 9.995717558217992460e-01 2.650892927957553338e-02 5.228931011790792782e-01 9.992854861888678109e-01 -1.143386934423170839e-02 -3.602476542748269533e-02 3.381486541620398967e+00
-2.773158236697622486e-02 2.871784244503226488e-02 -9.992028046721722623e-01 -6.418689102772022181e+01 1.469773478241200547e-02 9.994908983128266700e-01 2.831820584165401639e-02 5.186608774341194827e-01 9.995073466121683348e-01 -1.390070915912808118e-02 -2.813955140338685046e-02 3.345168240599013743e+00
-2.032235973081030281e-02 2.979941346925401441e-02 -9.993492866119780826e-01 -6.482295887097448883e+01 1.846234072514042063e-02 9.993964624363692595e-01 2.942537756128831006e-02 5.299041204992634979e-01 9.996230007707550547e-01 -1.785233392483799586e-02 -2.086026134821132930e-02 3.327205840149639382e+00
-8.659966363525806524e-03 3.145102992490911298e-02 -9.994677772190829756e-01 -6.544314154052490551e+01 1.598176032680017136e-02 9.993819472001073123e-01 3.130985383842399550e-02 5.362154827138522206e-01 9.998347805109842890e-01 -1.570211218878442630e-02 -9.157256869360273777e-03 3.311493404014069331e+00
6.989285971640496822e-03 3.313742685065927673e-02 -9.994263658836168851e-01 -6.604475980402392565e+01 1.171412273306678825e-02 9.993794862652344291e-01 3.321779283509267849e-02 5.419571164818617337e-01 9.999069602769102838e-01 -1.193957176609175899e-02 6.596773138510697056e-03 3.292324108765790402e+00
2.425219288971917214e-02 3.457065647440150241e-02 -9.991079525511635806e-01 -6.662688154352747461e+01 9.763732561186842449e-03 9.993460475502480289e-01 3.481589826753614392e-02 5.544765613474380572e-01 9.996581919168788799e-01 -1.059938472887465497e-02 2.389879446448478842e-02 3.342038205961845865e+00
4.682883596727292763e-02 3.580029006301886640e-02 -9.982611879429966750e-01 -6.718785218380040192e+01 7.523438222234089118e-03 9.993165687579981249e-01 3.619106634324902039e-02 5.566391329444545510e-01 9.988745957322551217e-01 -9.205141886408654828e-03 4.652749040711753187e-02 3.366717187127272304e+00
7.239341840254127913e-02 3.656650209462237316e-02 -9.967056154635467458e-01 -6.772551725354560404e+01 1.075540832098179946e-02 9.992409690794501476e-01 3.744071186575115284e-02 5.511873803935046778e-01 9.973181609515857637e-01 -1.343043698950925451e-02 7.194518189863012558e-02 3.422089637610926882e+00
1.035836250555209614e-01 3.652826676513484111e-02 -9.939497564502447480e-01 -6.823890877698323720e+01 7.778020232388255413e-03 9.992650735196587641e-01 3.753418768295782582e-02 5.619052474391043051e-01 9.945903352745951720e-01 -1.161888853935938784e-02 1.032233811085829234e-01 3.476463676325652674e+00
1.386370730514299154e-01 3.599316812073873745e-02 -9.896889682240441743e-01 -6.873399010436661172e+01 9.868756991711944565e-03 9.992395047876515557e-01 3.772293343805402377e-02 5.742542863207430459e-01 9.902940823872377063e-01 -1.499679700354386407e-02 1.381764323915730952e-01 3.514792253378107301e+00
1.766364263558266312e-01 3.597943552191821409e-02 -9.836183472789508109e-01 -6.920543995119503222e+01 1.232804524301548028e-02 9.991724119376510505e-01 3.876223062709514139e-02 5.874853536741088122e-01 9.841989596543673224e-01 -1.897291338266240968e-02 1.760466880490643427e-01 3.605075037123436577e+00
2.155185814489252172e-01 3.577157509004010721e-02 -9.758443192773262886e-01 -6.964290560881683234e+01 1.205135767557710506e-02 9.991552651130377605e-01 3.928766950425603005e-02 5.933650858174286391e-01 9.764253713563716408e-01 -2.022747172727948697e-02 2.149054293383558800e-01 3.753562222921980052e+00
2.572130498960631395e-01 3.507617156532381181e-02 -9.657179242157061250e-01 -7.007106231360876336e+01 1.609659672603395986e-02 9.990468727058250398e-01 4.057395359778758620e-02 6.026206147567992888e-01 9.662206510611410781e-01 -2.598092232842753521e-02 2.564032861294075483e-01 3.931013242484358905e+00
3.037460481282112656e-01 3.276304276075198141e-02 -9.521895406249527571e-01 -7.048230022646254156e+01 1.795216748854887995e-02 9.990343252514338745e-01 4.010157916940831901e-02 6.189786671440976606e-01 9.525838849828230925e-01 -2.927456231054829244e-02 3.028645606084800490e-01 4.110746356184587391e+00
3.552268730694843613e-01 2.796740889415760128e-02 -9.343616498385565183e-01 -7.090184126762727601e+01 2.185325558890824707e-02 9.990306965072425216e-01 3.821128964618678014e-02 6.367432072510996743e-01 9.345246405897777997e-01 -3.399252088335923128e-02 3.542713714859730967e-01 4.275293391201580917e+00
4.051890762061153839e-01 1.955312400797437969e-02 -9.140237895507802302e-01 -7.128117259624757196e+01 2.826030901428850522e-02 9.990256187554955591e-01 3.389938059347164662e-02 6.747838334899424195e-01 9.137960207057492790e-01 -3.956625344574018349e-02 4.042416902431217873e-01 4.490658437293489236e+00
