1.000000000000000000e+00 0.000000000000000000e+00 0.000000000000000000e+00 0.000000000000000000e+00 0.000000000000000000e+00 1.000000000000000000e+00 0.000000000000000000e+00 0.000000000000000000e+00 0.000000000000000000e+00 0.000000000000000000e+00 1.000000000000000000e+00 0.000000000000000000e+00
9.999975430227672213e-01 1.671980294298728827e-03 1.455482849275780474e-03 -6.695641550651737972e-04 -1.665736154657706906e-03 9.999894500930333052e-01 -4.280773959931065929e-03 -1.282770560747941574e-02 -1.462624863772480884e-03 4.278338991762385343e-03 9.999897782197474383e-01 9.618427491879234514e-01
9.999955391350789924e-01 8.255568321147428550e-04 2.870568908723113242e-03 -2.097132510130847970e-03 -8.086070048679231542e-04 9.999822629153474196e-01 -5.900848194339256697e-03 -7.057928510946845369e-04 -2.875389478741489924e-03 5.898500709324992937e-03 9.999784696805865680e-01 1.925087627086842890e+00
9.999908259351275586e-01 1.960780989023928802e-03 3.808330801605435637e-03 -1.524076297306651076e-02 -1.952989179682399195e-03 9.999959944599992046e-01 -2.048633012781314860e-03 -6.975716091952330160e-03 -3.812332467849031958e-03 2.041176589640972781e-03 9.999906498159291113e-01 2.888728327001252261e+00
9.999905909471629162e-01 -9.163715391411508034e-04 4.240080228832768944e-03 -4.310956627606175873e-02 8.967221788838303535e-04 9.999888619328440864e-01 4.633778111768672298e-03 -1.867045060624251962e-02 -4.244279264914747364e-03 -4.629932338324133263e-03 9.999802747154885596e-01 3.849127037161883980e+00
9.999804358463986187e-01 -4.244772300249092037e-03 4.594543782161443664e-03 -6.804964391134037116e-02 4.224097482276496091e-03 9.999809521844159610e-01 4.500252082790455639e-03 -1.746765754998762243e-02 -4.613558811523943773e-03 -4.480756238345020605e-03 9.999793187354553137e-01 4.807466225186512787e+00
9.999747167655105295e-01 -5.435962850005458293e-03 4.584336116643640546e-03 -9.460724575148642124e-02 5.427111712594478304e-03 9.999833894094586340e-01 1.940969765362848473e-03 -2.367189736336686168e-02 -4.594811007650984741e-03 -1.916040987136004596e-03 9.999876081725912469e-01 5.739817012160091991e+00
9.999777360915247382e-01 -4.777189463607731459e-03 4.658946457894868470e-03 -1.124372092439653303e-01 4.786233818268345423e-03 9.999866794392654468e-01 -1.932073981115893469e-03 -2.262085989159000332e-02 -4.649654514650090366e-03 1.954329772691911198e-03 9.999872805731250258e-01 6.677187008214234609e+00
9.999744751669324971e-01 -6.421297857395397157e-03 3.133041404805635231e-03 -9.956608255349508330e-02 6.428407495210767923e-03 9.999767735927400647e-01 -2.264476126899707398e-03 -2.531372689859841957e-02 -3.118427759808184690e-03 2.284558793374065998e-03 9.999925280717985032e-01 7.607070665654062758e+00
9.999661167402155160e-01 -7.983515074191689306e-03 2.007201672315603053e-03 -1.037120960567810835e-01 7.983010731851166927e-03 9.999681016809730538e-01 2.591528614346613572e-04 -3.563541170384505741e-02 -2.009206596732058658e-03 -2.431205679998276901e-04 9.999979519885233703e-01 8.536478385310406480e+00
9.999706581689787876e-01 -7.625129911385192596e-03 -7.349795455649781473e-04 -6.269883159173050835e-02 7.627464825296704706e-03 9.999656996930433861e-01 3.228191094206476867e-03 -3.426717225301372655e-02 7.103389590689072192e-04 -3.233702403799977153e-03 9.999945192786442449e-01 9.466073171201733416e+00
9.999631055829276693e-01 -7.687287569183257931e-03 -3.833155720050759017e-03 -1.020677603183144100e-02 7.705842799955342493e-03 9.999585494465119684e-01 4.849677883070275045e-03 -3.898326775585079368e-02 3.795715965119535358e-03 -4.879036652438223896e-03 9.999808935883007788e-01 1.038773102462690190e+01
9.999646221112533651e-01 -7.560097102984167199e-03 -3.687744254974671329e-03 -1.228943318612738499e-02 7.580667536839436754e-03 9.999556062494797670e-01 5.596338975721906230e-03 -2.942746840289729021e-02 3.645271676098608363e-03 -5.624096552222064387e-03 9.999775405139749163e-01 1.133842789427532693e+01
9.999729020696698223e-01 -6.480140924940098156e-03 -3.493264941786285507e-03 -2.972774599261426148e-02 6.497430474704671624e-03 9.999665854846021551e-01 4.960978884513890519e-03 -1.953646989731613187e-02 3.461000373733836514e-03 -4.983541698342668601e-03 9.999815927248628666e-01 1.222236359298624997e+01
9.999657562939413546e-01 -6.969762216834409808e-03 -4.461911487720877402e-03 -2.874723741760011608e-02 6.983906379231766444e-03 9.999706120717554159e-01 3.162284700187791009e-03 -9.790070302750759901e-03 4.439739988964036370e-03 -3.193337983942686961e-03 9.999850455388569204e-01 1.313244349598281424e+01
9.999427457323508683e-01 -8.398142148085329522e-03 -6.631475379224469058e-03 -3.475566955057686480e-02 8.407919124721047535e-03 9.999636046817006463e-01 1.447828709378899984e-03 -1.043696608327061501e-02 6.619074953259843422e-03 -1.503502723672542991e-03 9.999769633978186079e-01 1.404100498245009199e+01
9.999180383565203778e-01 -9.850533738676958001e-03 -8.178236625878554031e-03 -5.286956852471555446e-02 9.852792997525531768e-03 9.999514322058522531e-01 2.360076534991956132e-04 -1.132874243761919884e-02 8.175514625612275571e-03 -3.165667824835888874e-04 9.999665298129121194e-01 1.494523564520124381e+01
9.998485588777052957e-01 -1.279031431304494815e-02 -1.180115121276949230e-02 -5.271247112478517904e-02 1.278726107922539650e-02 9.999181838036474979e-01 -3.341450381427087655e-04 -1.562231574482336044e-02 1.180445950752871329e-02 1.831900332500416219e-04 9.999303081600967591e-01 1.584619411494390029e+01
9.998156074688600015e-01 -1.258355404367372463e-02 -1.450535174692218869e-02 -4.871878230249061803e-02 1.258211103045028291e-02 9.999208239157982847e-01 -1.907395310496716489e-04 -2.707992855784328856e-02 1.450660345116816345e-02 8.196413889262729163e-06 9.998947736582729506e-01 1.674318778288355247e+01
9.997469329142664174e-01 -1.440193345213105179e-02 -1.728162149090307562e-02 -5.605664954961002422e-02 1.439743291946034981e-02 9.998962775417991056e-01 -3.848160385668764278e-04 -2.243757793154344676e-02 1.728537109361912363e-02 1.359076681386886878e-04 9.998505875755941963e-01 1.763509342156169524e+01
9.996571676420669128e-01 -1.737680738515228265e-02 -1.958554944178722210e-02 -6.918377528251781761e-02 1.739792903368498830e-02 9.998482317902842587e-01 9.085434390526540881e-04 -3.077687283865885443e-02 1.956678939367071865e-02 -1.248979960237093069e-03 9.998077719251247109e-01 1.852716539082778979e+01
9.995965100729466979e-01 -1.867325739074363056e-02 -2.140389002965358348e-02 -8.837588704960601393e-02 1.874577369197745827e-02 9.998191860513360174e-01 3.192361560554493344e-03 -4.327505466256461458e-02 2.134040811867603596e-02 -3.592305953445156224e-03 9.997658137380297516e-01 1.941451065620776362e+01
9.996066096675543244e-01 -1.621972565855412177e-02 -2.288113652106999948e-02 -1.119091145617494287e-01 1.630583495748257755e-02 9.998606355885223396e-01 3.581779844644694677e-03 -4.019282998765633108e-02 2.281985221849535880e-02 -3.953466842833053448e-03 9.997317762503341587e-01 2.029508303331851948e+01
9.994914820241739273e-01 -1.958105517811614335e-02 -2.516663742395870360e-02 -1.274475745199086241e-01 1.967445735969639356e-02 9.998004206537067784e-01 3.469090410007398886e-03 -3.932886985893969956e-02 2.509368623217703848e-02 -3.962466250058754511e-03 9.996772508027267357e-01 2.116927178427908629e+01
9.994693360298171347e-01 -1.813017756481495255e-02 -2.706183655228088999e-02 -1.487735014255871513e-01 1.821352539441812787e-02 9.998300962312872686e-01 2.836575901000393252e-03 -3.412016174414247982e-02 2.700581101950120383e-02 -3.327962079635595708e-03 9.996297368723956467e-01 2.203821661936286347e+01
9.994934280388333425e-01 -1.656700272879658639e-02 -2.717391631256473386e-02 -1.786742857585831845e-01 1.665931785927849199e-02 9.998561850851142019e-01 3.174314966467040207e-03 -3.389235275404198222e-02 2.711741941339164061e-02 -3.625405856841557289e-03 9.996256809409862498e-01 2.290091492187344713e+01
9.994344660657370483e-01 -1.717083203725391916e-02 -2.891211799644403252e-02 -2.061475276184409622e-01 1.734814275664406727e-02 9.998321425685325892e-01 5.893100178518546374e-03 -3.694876220080463292e-02 2.880607544923483726e-02 -6.391338980788843251e-03 9.995645856087763681e-01 2.375756295785999228e+01
9.993673537493934500e-01 -1.783181741242708881e-02 -3.077204165636469521e-02 -2.295346400416109767e-01 1.809205957735005033e-02 9.998027035696372966e-01 8.199470415543823679e-03 -2.917768740574873745e-02 3.061975898306235760e-02 -8.751012662292128111e-03 9.994927964408761856e-01 2.461511565857289341e+01
9.993585779679191594e-01 -1.792831252409747902e-02 -3.100013309605864978e-02 -2.614751860737434264e-01 1.825556878881076650e-02 9.997802363507096723e-01 1.030597936723175526e-02 -3.452191972278126353e-02 3.080855157471835970e-02 -1.086529394720084363e-02 9.994662468224266849e-01 2.544142629688825252e+01
9.993766132225430088e-01 -1.615031842043436125e-02 -3.139350504093001842e-02 -3.016093487723101596e-01 1.644909393186372998e-02 9.998216176816093759e-01 9.282247860925052149e-03 -2.617104488154785996e-02 3.123799373610710098e-02 -9.792856143612173325e-03 9.994640002100588783e-01 2.626469276769155670e+01
9.994420063033310209e-01 -1.334987692184777704e-02 -3.061791669172268110e-02 -3.569916123655060836e-01 1.356343169413553977e-02 9.998850409795473348e-01 6.777768512473586991e-03 -2.097118676661810857e-02 3.052391451056527677e-02 -7.189270582031061577e-03 9.995081815730416652e-01 2.707726016957311899e+01
9.993914853136031118e-01 -1.483977094305333720e-02 -3.156644232448627130e-02 -3.905231968171482548e-01 1.500746327589525843e-02 9.998744664112472202e-01 5.082072888856083333e-03 -1.305556449930006351e-02 3.148706287811066373e-02 -5.552712596801265103e-03 9.994887354313332084e-01 2.787343418116101645e+01
9.994245991540920970e-01 -1.290102479569723952e-02 -3.136931884661747771e-02 -4.337226384492066655e-01 1.304027984056333085e-02 9.999059879270278950e-01 4.238680143127082113e-03 -6.697448127252054323e-03 3.131168643429755455e-02 -4.645305899154941222e-03 9.994988741493119333e-01 2.866518264918764203e+01
9.992819706896701737e-01 -1.685341833456849639e-02 -3.393383775830205451e-02 -4.393666293251328736e-01 1.700007041680805242e-02 9.998473351867595005e-01 4.037812001695388620e-03 -1.329736320808195572e-02 3.386060632047732666e-02 -4.611790365732240660e-03 9.994159247926915901e-01 2.945062609167850454e+01
9.992334158631791530e-01 -1.622851313591429021e-02 -3.562605765164032767e-02 -4.770294912435811274e-01 1.633017455273115190e-02 9.998633652279133033e-01 2.564424729203980229e-03 -9.183743476621826496e-03 3.557957309296889969e-02 -3.144238621963455285e-03 9.993619002853814104e-01 3.022198870951307015e+01
9.991721811149542054e-01 -1.546528092306439887e-02 -3.762681984905222321e-02 -5.117363940940230504e-01 1.556425376305252233e-02 9.998761341847690609e-01 2.338865648832408242e-03 -7.041244989098045109e-03 3.758598795803667902e-02 -2.922562864106035500e-03 9.992891233949870999e-01 3.098824749911194232e+01
9.990772725938381615e-01 -1.585424317220841470e-02 -3.991549022486511750e-02 -5.450012587861680080e-01 1.597305784268577764e-02 9.998688856883360954e-01 2.659484070650858581e-03 7.599954559599504667e-03 3.986809262567093254e-02 -3.294602525993550139e-03 9.991995200081839057e-01 3.174790170807103351e+01
9.990391008424658326e-01 -1.433618852529967153e-02 -4.141676817957098966e-02 -5.821650417169679237e-01 1.451920352136867355e-02 9.998860967717332349e-01 4.121433209093828057e-03 1.833430405752171921e-02 4.135296503249095285e-02 -4.718811413791840909e-03 9.991334571026342370e-01 3.249154369709369661e+01
9.989907636658253987e-01 -1.371837880800815847e-02 -4.276985145223689833e-02 -6.337508952495394254e-01 1.396318991984143824e-02 9.998877635838827604e-01 5.430429309632991627e-03 1.851010178755016847e-02 4.269055443103238201e-02 -6.022152281734467587e-03 9.990701928514659214e-01 3.322790889468805631e+01
9.988161265164234859e-01 -1.423149476140683767e-02 -4.651677082063060409e-02 -6.540597762066354681e-01 1.450349326176945258e-02 9.998796092986337314e-01 5.515033274621584936e-03 2.267228951584875085e-02 4.643268346680946845e-02 -6.183159845122943553e-03 9.989022847307934549e-01 3.395599309885709971e+01
9.987743012372755080e-01 -1.155015605423468164e-02 -4.812991879392960332e-02 -6.961230698752544077e-01 1.182461605307083378e-02 9.999153884717265628e-01 5.421655894338107962e-03 1.579926300374254883e-02 4.806322547629281877e-02 -5.984128387820141469e-03 9.988263695779421303e-01 3.469713439390650933e+01
9.987124756880078058e-01 -1.048879033335164274e-02 -4.963241060505720059e-02 -7.424749508066477155e-01 1.076274986986169510e-02 9.999282676784996271e-01 5.255731415952980858e-03 6.688692788370677322e-03 4.957372409215250048e-02 -5.783145754758086711e-03 9.987537239504107323e-01 3.538623245960003061e+01
9.986735287848759191e-01 -8.683612565090021926e-03 -5.075212091310585955e-02 -7.844618239880218891e-01 9.002125774043058526e-03 9.999411739945329725e-01 6.050643105189842594e-03 2.009180493896722819e-02 5.069659392806845355e-02 -6.499494077036998066e-03 9.986929517828960767e-01 3.607838928261995903e+01
9.986446649755290617e-01 -6.129558852065191202e-03 -5.168424928531839546e-02 -8.321022858500509711e-01 6.493283804453454239e-03 9.999553022248035550e-01 6.872468111211448537e-03 3.867426186050966497e-02 5.163981391661599113e-02 -7.198754113305402304e-03 9.986398287460162004e-01 3.676511043254050293e+01
9.986866782182973745e-01 -1.750756394597147072e-03 -5.120403891631536419e-02 -8.844525505397832221e-01 2.139537300764167860e-03 9.999692928237434719e-01 7.538951500305014763e-03 3.882312437469027933e-02 5.118926771731954067e-02 -7.638603382299654493e-03 9.986597571790563066e-01 3.744009869808347446e+01
9.987513466341296775e-01 2.867003773518988791e-03 -4.987512291583249407e-02 -9.227944701568985275e-01 -2.610173151526447560e-03 9.999830012712855876e-01 5.213843552841177474e-03 4.920455175782191548e-02 4.988922321128894111e-02 -5.077150562775765118e-03 9.987418525072113695e-01 3.810205435351540615e+01
9.988436007110345072e-01 7.402966054203087738e-03 -4.750428835600503663e-02 -9.736250275572468915e-01 -7.352184722513408800e-03 9.999721990002523597e-01 1.243626313743328472e-03 6.298257335544815705e-02 4.751217421268113389e-02 -8.929278820534144231e-04 9.988702598342693584e-01 3.875304444374273061e+01
9.989564849533484336e-01 6.881513097578135368e-03 -4.515070262058924061e-02 -1.000893042656348930e+00 -6.905438407538239988e-03 9.999760872563843161e-01 -3.739462723518055510e-04 6.121700834376888473e-02 4.514704962724234993e-02 6.853414497935931150e-04 9.989801170278875819e-01 3.939016865232336073e+01
9.991168348807287769e-01 1.116487018079300939e-02 -4.050797368117981662e-02 -1.054688911654815708e+00 -1.117762089985246607e-02 9.999375245461060713e-01 -8.829285134817255643e-05 7.175232031718130343e-02 4.050445714891446475e-02 5.409976474110261401e-04 9.991792112892543543e-01 4.002532767823520743e+01
9.992237136328809832e-01 1.468479806893245761e-02 -3.655580418187891201e-02 -1.094749616128150249e+00 -1.459746535375441336e-02 9.998899269790832989e-01 2.654793968054137195e-03 6.794095010622273889e-02 3.659076548741595214e-02 -2.119111002665600724e-03 9.993280868911886827e-01 4.067420129424026243e+01
9.992860309401742080e-01 1.959991963634161172e-02 -3.229971390085459998e-02 -1.124067738970090380e+00 -1.941419640379474926e-02 9.997931997784202940e-01 6.053648059372206819e-03 7.097293863506141942e-02 3.241168532833321042e-02 -5.422252952501141129e-03 9.994598950568730489e-01 4.127942101352842030e+01
9.993166460337584711e-01 2.504593834384709339e-02 -2.718348638991169297e-02 -1.151759173360388244e+00 -2.486276534570694766e-02 9.996659745850438039e-01 7.055647121525650614e-03 7.517238802583392498e-02 2.735112171737189360e-02 -6.374968973690141490e-03 9.996055601643005772e-01 4.187805258787145846e+01
9.992944221914867864e-01 3.079564378978922462e-02 -2.150083953126032121e-02 -1.167318316388358701e+00 -3.064474167383743342e-02 9.995035862485724953e-01 7.313062558880748486e-03 8.139471642123313755e-02 2.171537668842538071e-02 -6.649014951020807210e-03 9.997420832472042607e-01 4.246297053259842613e+01
9.992694369385946018e-01 3.485903047815059469e-02 -1.566653741390437379e-02 -1.175603236935611307e+00 -3.472214071868971741e-02 9.993571388575398506e-01 8.926475137909560195e-03 9.197819704726603596e-02 1.596763427465879362e-02 -8.375978068245032090e-03 9.998374256083185641e-01 4.303159926916614353e+01
9.991875984984810444e-01 3.919413183705545978e-02 -9.378861144732688129e-03 -1.187268518706635190e+00 -3.908930274160354185e-02 9.991739445629838068e-01 1.111102684845119773e-02 8.344344643482758117e-02 9.806600736634203674e-03 -1.073538709089817515e-02 9.998942854352153020e-01 4.357971124986379863e+01
9.990776795437829039e-01 4.290117880419247465e-02 -1.810827052698089478e-03 -1.204988720682137249e+00 -4.287996774383746185e-02 9.990254246633257784e-01 1.046466638520080795e-02 8.591493328947259756e-02 2.258008789031151330e-03 -1.037736640371688529e-02 9.999436042411743442e-01 4.410653638494632389e+01
9.988812138549686415e-01 4.685811242846491670e-02 6.374786840306835740e-03 -1.225852836810634505e+00 -4.692302857539344674e-02 9.988438841563380688e-01 1.044626597388286990e-02 8.740874629770263582e-02 -5.877924542779590887e-03 -1.073370314131488583e-02 9.999251160061646271e-01 4.461368789116927758e+01
9.985941442009843572e-01 5.092929061470152785e-02 1.469498298673653502e-02 -1.236274585164591544e+00 -5.108032016217133736e-02 9.986435570045717469e-01 1.009192476148071740e-02 9.007727204091453554e-02 -1.416107551095775394e-02 -1.082836140627291451e-02 9.998410926390383091e-01 4.509702392506121527e+01
9.984152838069120239e-01 5.202164108029084383e-02 2.146322249967979462e-02 -1.217009937044521317e+00 -5.218110495295985585e-02 9.986135417334466302e-01 6.937330356469343859e-03 9.952770902722964108e-02 -2.107257332755924431e-02 -8.046311322602349783e-03 9.997455693962601364e-01 4.556056867366863372e+01
9.979954266123949314e-01 5.475904958550231738e-02 3.172656535508960873e-02 -1.246913946723212874e+00 -5.492584923110108847e-02 9.984807004155519250e-01 4.409306511920209337e-03 8.096948953002316984e-02 -3.143691376360644579e-02 -6.143076278744158750e-03 9.994868598770328960e-01 4.599871873844942627e+01
9.977964166241265476e-01 5.350904547924804910e-02 3.923127609377624614e-02 -1.233355790036635868e+00 -5.370923769475627330e-02 9.985483388408807892e-01 4.066052676900887460e-03 8.154981460294501161e-02 -3.895675497643960594e-02 -6.164174723607084537e-03 9.992218843638690506e-01 4.642041134631924848e+01
9.972922614117849527e-01 5.505816420668059596e-02 4.875186029632457008e-02 -1.240811509422192538e+00 -5.543008936632963513e-02 9.984426375198830472e-01 6.309102565854630106e-03 6.435942094849220196e-02 -4.832856837319619153e-02 -8.994339138381322526e-03 9.987909948244730884e-01 4.681755614145155420e+01
9.968989977883441211e-01 5.556980383513922261e-02 5.571700916518382979e-02 -1.195431254729273363e+00 -5.608256178555034305e-02 9.983965909162331176e-01 7.680723300579714308e-03 4.875798034002266912e-02 -5.520085571944349789e-02 -1.078165796965115455e-02 9.984170578366868831e-01 4.718693200930832887e+01
9.963548903356670428e-01 5.762350188335819273e-02 6.290043350322098437e-02 -1.134901778656630222e+00 -5.823782926795467024e-02 9.982708758636976709e-01 7.975816227144001680e-03 3.216490410219045859e-02 -6.233207638408112122e-02 -1.160992820957555335e-02 9.979879367109689703e-01 4.754480444155586838e+01
9.954929649585975149e-01 6.253137114250681416e-02 7.129925904924801217e-02 -1.116646224523896613e+00 -6.321739594735248380e-02 9.979723154835662413e-01 7.403943409566368303e-03 2.663721135884642571e-02 -7.069170791237947005e-02 -1.187792706724521627e-02 9.974274897359787229e-01 4.785583977166543690e+01
9.942750557830122293e-01 6.900721825875776039e-02 8.157890214920414385e-02 -1.113098372452491214e+00 -6.983851657009382263e-02 9.975310286692113948e-01 7.377563652128889260e-03 2.188337360323355102e-02 -8.086838103344071160e-02 -1.303267702128159747e-02 9.966395809311856535e-01 4.815496047143093961e+01
9.934304474889704695e-01 6.886827433810503718e-02 9.139533243852442090e-02 -1.083200204691709967e+00 -6.988767584433241975e-02 9.975228137429551500e-01 7.996801074340561047e-03 1.489393454646135290e-02 -9.061820328683521664e-02 -1.433167303691232526e-02 9.957825788700205294e-01 4.842925185820941181e+01
9.925494171775460783e-01 6.684922071883649120e-02 1.018667568433941906e-01 -1.043265303067449690e+00 -6.779167845519078195e-02 9.976825555244067667e-01 5.814355899412030314e-03 2.338623608658306138e-02 -1.012420011296435995e-01 -1.267675398442599799e-02 9.947810598899053947e-01 4.869396932508907128e+01
9.913427224934543425e-01 6.354325053592171924e-02 1.148993553967494474e-01 -1.051050016240634655e+00 -6.415117212119675338e-02 9.979389140247880707e-01 1.597182053111942954e-03 2.322228129430273930e-02 -1.145610478074283317e-01 -8.954283129522349824e-03 9.933758539137640398e-01 4.895548120649896617e+01
9.896923027675992302e-01 6.520091107348396919e-02 1.275068117307746607e-01 -1.001822027449867036e+00 -6.548592572104638965e-02 9.978515680651727227e-01 -1.960010801208598042e-03 9.227678346504088885e-03 -1.273606665144972894e-01 -6.410093998632750666e-03 9.918357582381829296e-01 4.921023334695620832e+01
9.872723618613652441e-01 6.775242120464106121e-02 1.438849989595282763e-01 -9.708441540494432420e-01 -6.777334944330890010e-02 9.976893808675183495e-01 -4.761555358331304513e-03 1.685933961054916080e-02 -1.438751424322833594e-01 -5.050616309383751217e-03 9.895829599710100899e-01 4.946632179892439751e+01
9.844884868534765632e-01 7.196783083574112561e-02 1.600095327714682880e-01 -8.899189808216416697e-01 -7.199272953925041352e-02 9.973891586457576119e-01 -5.649168912702431412e-03 -1.800087586300874731e-03 -1.599983316989085913e-01 -5.957981261674894641e-03 9.870993041801070511e-01 4.972016555282365857e+01
9.815015903472270598e-01 7.240577809289408528e-02 1.772343969003215003e-01 -8.496427199780527406e-01 -7.238633890719853303e-02 9.973549346942529592e-01 -6.584237286338066701e-03 -4.817739956679834880e-03 -1.772423371699622108e-01 -6.366909752278214138e-03 9.841466437349342122e-01 4.995866038758740046e+01
9.784970488991394655e-01 7.046655060236210744e-02 1.938504334322567191e-01 -7.619561620917421063e-01 -7.023520387778768581e-02 9.974977769614808976e-01 -8.074719385649988673e-03 -1.379641720591653561e-02 -1.939343740338858590e-01 -5.714035624368177940e-03 9.809978635883810361e-01 5.019460568852204574e+01
9.742756179798860439e-01 7.019166010179611614e-02 2.141498332057694964e-01 -6.998846427094489453e-01 -7.008997846679068666e-02 9.975079698014174268e-01 -8.077443976057158831e-03 -2.782700662858948390e-02 -2.141831345564595424e-01 -7.140100476591415557e-03 9.767674256632196128e-01 5.044244241452916100e+01
9.695871775307323137e-01 7.093498405056469780e-02 2.342411859723404766e-01 -6.312169291841007723e-01 -7.067652683694174154e-02 9.974539655329380805e-01 -9.508690598100992541e-03 -3.224884538335451301e-02 -2.343192986551690393e-01 -7.335848987668664584e-03 9.721320134618444131e-01 5.067190000698745678e+01
9.638673936361533690e-01 7.352381183359199546e-02 2.560349518688833093e-01 -5.749130516526529400e-01 -7.270617570974391430e-02 9.972729116208701727e-01 -1.267090213451326462e-02 -2.091287651393666097e-02 -2.562683349512920317e-01 -6.402252783006003554e-03 9.665844772499684323e-01 5.091442050761303761e+01
9.583476767626285531e-01 7.060054927148881609e-02 2.767404793054872303e-01 -4.550138159001283489e-01 -6.894223414022239427e-02 9.974966313195446910e-01 -1.573018937971955994e-02 -3.194567223273334783e-02 -2.771582558673338359e-01 -4.004116473268990242e-03 9.608159388019362757e-01 5.113341151862424994e+01
9.510052097487357026e-01 7.016238761435050764e-02 3.011085026946436205e-01 -3.712410897259063036e-01 -6.820372058922601066e-02 9.975261211925553484e-01 -1.702615741524550128e-02 -3.880997581181357126e-02 -3.015581926072396501e-01 -4.344755780927525395e-03 9.534378739952904525e-01 5.137450207463096774e+01
9.418701801781032001e-01 7.579463315852130734e-02 3.273159593964614089e-01 -2.766760847414306279e-01 -7.420800195823711032e-02 9.970917946836826973e-01 -1.735296573631769923e-02 -5.295888326928931134e-02 -3.276793190554280755e-01 -7.945222391167273968e-03 9.447555965986790261e-01 5.161389859439024974e+01
9.319428361266011152e-01 7.778678971440522449e-02 3.541634729023133143e-01 -1.548929150118325826e-01 -7.597619200670471806e-02 9.969278788757247600e-01 -1.903739920565795246e-02 -5.328867700681957920e-02 -3.545562979844854579e-01 -9.166224210794800611e-03 9.349897389240450218e-01 5.184823424075111831e+01
9.208194501768819373e-01 7.720438385110103829e-02 3.822708768531943857e-01 -4.107961863021454552e-02 -7.532824093412092414e-02 9.969602653648279578e-01 -1.989686913735485771e-02 -7.191877142370038667e-02 -3.826450003511240872e-01 -1.047436861439711604e-02 9.238360738293438512e-01 5.207737570573233654e+01
9.083128825247775984e-01 7.407906073089655374e-02 4.116794872236791414e-01 9.501716809377407091e-02 -7.126371210480707263e-02 9.972102487551839367e-01 -2.220817675257201473e-02 -8.387919354860677579e-02 -4.121761647361105729e-01 -9.165835415216880624e-03 9.110580643869909956e-01 5.230018052623086078e+01
8.925091402056991585e-01 7.311833715059870564e-02 4.450630780255858676e-01 2.153586384830275813e-01 -6.923672173761254156e-02 9.972870150909753928e-01 -2.499771777517733468e-02 -9.638403825586649987e-02 -4.456834201676219687e-01 -8.504016890317123503e-03 8.951502503403655497e-01 5.253870293152045434e+01
8.749153873962106642e-01 7.302293554016532628e-02 4.787386717014084914e-01 3.616748587543543447e-01 -6.698965634678429037e-02 9.973116705054577702e-01 -2.969541742692679079e-02 -1.051051978027050804e-01 -4.796201109627029613e-01 -6.089561455224087004e-03 8.774551079123116271e-01 5.276236187228209928e+01
8.547750069837005693e-01 7.566683260904981390e-02 5.134532285212760616e-01 5.114560823681484347e-01 -6.736975587385110598e-02 9.971213431294443374e-01 -3.478998518592881645e-02 -1.141521180573179112e-01 -5.146076208428217447e-01 -4.853608827856338744e-03 8.574120590776849182e-01 5.299020246252564448e+01
8.331083235342000570e-01 7.638172370031305614e-02 5.478105087916774751e-01 6.981168659118922593e-01 -6.558160013905095509e-02 9.970735258876556317e-01 -3.928660964204751943e-02 -1.327031846998787401e-01 -5.492081344820319844e-01 -3.196288243319549659e-03 8.356794892542416253e-01 5.320872575093825674e+01
8.075191173963423008e-01 7.936553210581379081e-02 5.844775336597514137e-01 8.818091489166389740e-01 -6.721474358113434244e-02 9.968331889283692515e-01 -4.249437252421716521e-02 -1.579206122865577655e-01 -5.859991922219279781e-01 -4.970489358809396935e-03 8.102963908044882313e-01 5.344567227424134614e+01
7.798745169878490424e-01 8.405490662059292295e-02 6.202664833972288960e-01 1.100999009423109465e+00 -7.127850043403007041e-02 9.964222832692606335e-01 -4.540934683911853481e-02 -1.645724668786631983e-01 -6.218642240303285940e-01 -8.798072373155024772e-03 7.830756545785806377e-01 5.365613483505063641e+01
7.498049093740188908e-01 8.809833135727174191e-02 6.557677042144393065e-01 1.335055464635890088e+00 -7.468141817987961062e-02 9.960312248118317058e-01 -4.841988205779026305e-02 -1.903862990943478717e-01 -6.574308204345610251e-01 -1.266819686905862156e-02 7.534084105787682839e-01 5.388261672764233623e+01
7.156883783749244943e-01 9.023675921782217668e-02 6.925658613770450112e-01 1.581540060627184552e+00 -7.600678627587498237e-02 9.957918741394823359e-01 -5.120070153618164893e-02 -2.119699547734545664e-01 -6.942716424419791421e-01 -1.599595835356671172e-02 7.195352776739071254e-01 5.411985413704263692e+01
6.760651361827848538e-01 9.021862875649601377e-02 7.312978399143831298e-01 1.834257993251900531e+00 -7.607707619425725654e-02 9.957184064006527890e-01 -5.250841487499015303e-02 -2.317155751409809283e-01 -7.329039569519902875e-01 -2.013589283466244925e-02 6.800340695170096206e-01 5.437519499565376435e+01
6.366694905591511189e-01 8.932836359978064966e-02 7.659454309856081888e-01 2.152985781321090641e+00 -7.291550437005267504e-02 9.957912800254433705e-01 -5.552527215382618148e-02 -2.381354090142862034e-01 -7.676817628507344171e-01 -2.049805068492090848e-02 6.405033496434706652e-01 5.459853295995506528e+01
5.952875717741051842e-01 8.751909866448795428e-02 7.987321918266714338e-01 2.499349537950058320e+00 -6.862223797666805458e-02 9.959561345757885764e-01 -5.798591601357695746e-02 -2.728352404836215661e-01 -8.005771014376836803e-01 -2.029249540633851559e-02 5.988860653611995932e-01 5.479442031841975336e+01
5.474544652159357705e-01 8.840303864099656461e-02 8.321529374304738047e-01 2.851212520798112049e+00 -6.713173083747116243e-02 9.958390248768544950e-01 -6.162765002080438509e-02 -2.905851554178373042e-01 -8.341384412853181107e-01 -2.212553482654183723e-02 5.511111698003755555e-01 5.500391916290016070e+01
5.004935126962389846e-01 8.690670896242645715e-02 8.613672083880913322e-01 3.244720481365090947e+00 -6.311332139291395138e-02 9.959640327027207141e-01 -6.381500000230355685e-02 -3.178972816254704847e-01 -8.634367101367275144e-01 -2.242475194645409536e-02 5.039585083004389787e-01 5.516993594353245101e+01
4.526550012540139223e-01 8.472260089467172073e-02 8.876516944936033715e-01 3.653596842644429632e+00 -6.108137122651614154e-02 9.960837421636699052e-01 -6.392374117894912555e-02 -3.513788786035659806e-01 -8.895912072007107207e-01 -2.528358152769418637e-02 4.560572601947188165e-01 5.532736248510934018e+01
4.025772418935302244e-01 8.240825223016449985e-02 9.116690431695938512e-01 4.077540905506332081e+00 -5.927345074508398592e-02 9.961961019965452913e-01 -6.387475560550970322e-02 -3.612537533942689616e-01 -9.134649540875494633e-01 -2.832324718784416662e-02 4.059305006064048427e-01 5.549966495709048786e+01
3.529422597221306690e-01 8.176363622955765131e-02 9.320656999872658499e-01 4.519381046116767386e+00 -6.013757429961259088e-02 9.960969864763352666e-01 -6.460855740632477640e-02 -3.826502043360026639e-01 -9.337104655403594133e-01 -3.324908003673206214e-02 3.564817880581206966e-01 5.563835059670472560e+01
3.040638211372697075e-01 8.203106962179446127e-02 9.491133211013859095e-01 4.977972024284674113e+00 -5.520130700953645997e-02 9.961289541187544616e-01 -6.840995885629390372e-02 -3.969694341410831551e-01 -9.510510019866660336e-01 -3.159130233127302456e-02 3.074149983933305297e-01 5.575852536287995775e+01
2.560565324097066053e-01 7.934724145099089632e-02 9.633997443867372557e-01 5.455606673652001248e+00 -4.686938558369067864e-02 9.964723529631064336e-01 -6.961401062417299501e-02 -4.415043052559107783e-01 -9.655248898424750870e-01 -2.732883192333575989e-02 2.588722117964396552e-01 5.585618190191109989e+01
2.110844532098898607e-01 7.353960440262476139e-02 9.746975326722555621e-01 5.954546427335599468e+00 -3.468906825022496920e-02 9.971013009142470906e-01 -6.771753287776866026e-02 -4.777177210806322072e-01 -9.768520984043653765e-01 -1.951723083397058703e-02 2.130236032545677061e-01 5.593742254391725055e+01
1.680351950599741628e-01 7.323512147493767277e-02 9.830568601071368873e-01 6.475746239973313223e+00 -2.835745737306184788e-02 9.971829816915668276e-01 -6.944030267831297065e-02 -5.106835177734022624e-01 -9.853730399358865411e-01 -1.620857820021379125e-02 1.696385986744624041e-01 5.600499397292824000e+01
1.311130272242746198e-01 7.404795702555713732e-02 9.885981358228544957e-01 6.990226260997836505e+00 -2.092655417789567734e-02 9.971911248324223376e-01 -7.191620043976849896e-02 -5.380705031105463831e-01 -9.911465347880327181e-01 -1.125880170334164938e-02 1.322943156824129829e-01 5.603376996992565751e+01
9.815309611157836678e-02 7.505264689160109914e-02 9.923371755196266353e-01 7.522281037313931940e+00 -1.265478210507729566e-02 9.971656036299344494e-01 -7.416613396441056050e-02 -5.728586762729320769e-01 -9.950908632951982469e-01 -5.278175055739427364e-03 9.882466622506864973e-02 5.606605938347323104e+01
6.792752743045543662e-02 7.329233422063773096e-02 9.949945149404942901e-01 8.073245516344012884e+00 -8.552537524678584246e-03 9.973041488799001542e-01 -7.287858896022135491e-02 -6.183881506536451633e-01 -9.976535997624984553e-01 -3.559265575193152481e-03 6.837124036823685747e-02 5.609168084495163953e+01
4.178179153478103064e-02 7.161219326145548680e-02 9.965570609214622344e-01 8.637418714572742573e+00 -4.443944232987524258e-03 9.974315090405856399e-01 -7.148871332371775633e-02 -6.634973763687886938e-01 -9.991168766744930041e-01 -1.441717486547120864e-03 4.199271597420887320e-02 5.612242921186459199e+01
2.178444785735237504e-02 7.082590627587749543e-02 9.972507853252087218e-01 9.214942785396859293e+00 3.827783510383112530e-05 9.974874385092704632e-01 -7.084354981950011232e-02 -6.951498906953145207e-01 -9.997626900251643800e-01 1.581460218187115321e-03 2.172700203020497267e-02 5.612077304685674761e+01
5.216332211458444244e-03 7.258448599302433357e-02 9.973486262442948780e-01 9.797075053607899875e+00 2.764862180590870258e-03 9.973573363759745680e-01 -7.259958067474747700e-02 -7.320418985423903235e-01 -9.999825725558306733e-01 3.136235028775760224e-03 5.001861099850002206e-03 5.611994285128041327e+01
-9.267150571952102039e-03 7.266020574088204176e-02 9.973136991047318878e-01 1.040170491364833083e+01 1.527080849036295367e-03 9.973563918999004407e-01 -7.264912635743779601e-02 -7.745102489316230132e-01 -9.999558929994621925e-01 8.497282575056989539e-04 -9.353609866311788507e-03 5.611776784644057869e+01
-1.885277133231347615e-02 7.413959290259147794e-02 9.970696534231316965e-01 1.100093183701074118e+01 6.501350097931112362e-03 9.972349005005992639e-01 -7.402895156944017119e-02 -8.162520560290218441e-01 -9.998011329559445270e-01 5.086647993013618078e-03 -1.928264899332058149e-02 5.607973323328528181e+01
-2.880541779925573781e-02 7.742146201150383600e-02 9.965822420279252247e-01 1.162023591983686899e+01 9.321462957006049904e-03 9.969734119645177195e-01 -7.718242134175458402e-02 -8.516351894226825703e-01 -9.995415740396923487e-01 7.066332559162657838e-03 -2.943991695660744257e-02 5.606624490775713099e+01
-3.486371296076178766e-02 7.910112130136183473e-02 9.962567611451633720e-01 1.224966894273008400e+01 1.314966569999520031e-02 9.968127914774780329e-01 -7.868510048835558601e-02 -9.020241795639132310e-01 -9.993055627837574839e-01 1.035718860270087860e-02 -3.579274833929665944e-02 5.604881153904798907e+01
-3.908963010551377154e-02 7.858198960090286012e-02 9.961409898847511935e-01 1.288805996827586320e+01 1.244523729448749304e-02 9.968638782516390240e-01 -7.815065134592266705e-02 -9.392471855180987150e-01 -9.991582041333056941e-01 9.342330944261069761e-03 -3.994501177406313552e-02 5.602103408114572147e+01
-4.039068220470945492e-02 7.718874903901327966e-02 9.961980173704545471e-01 1.353902905480231489e+01 1.455360869591978100e-02 9.969512978932516534e-01 -7.665704209590971929e-02 -9.781594697024234009e-01 -9.990779675605696575e-01 1.140204590240844092e-02 -4.139091789602318550e-02 5.595995517573891220e+01
-4.164951449485523177e-02 7.041838031888651706e-02 9.966476657553566820e-01 1.419916441147047692e+01 1.700755314207653968e-02 9.974186634778565708e-01 -6.976211638255080949e-02 -1.023869340313528165e+00 -9.989875179793071824e-01 1.404497986179077847e-02 -4.273964742741542810e-02 5.591874213809547456e+01
-4.463320207803324335e-02 6.426915819235362592e-02 9.969339760372806225e-01 1.487962406304933793e+01 1.401319494064192511e-02 9.978705653557756738e-01 -6.370215980724161509e-02 -1.074366520029226058e+00 -9.989051544765457091e-01 1.112699877767291297e-02 -4.543877483366891984e-02 5.591845699541340764e+01
-4.573569690546206573e-02 6.162797477718284789e-02 9.970507703990949544e-01 1.556499097331067460e+01 1.545046885549461457e-02 9.980194536139535000e-01 -6.097912118306310358e-02 -1.125585840237679047e+00 -9.988340848412772255e-01 1.261597927140544959e-02 -4.659729634116760444e-02 5.589136707015585159e+01
-4.656071019112838216e-02 6.363146883905348994e-02 9.968867219698920312e-01 1.625511663182953725e+01 1.512171901740889078e-02 9.978996007278688740e-01 -6.298984426973947004e-02 -1.171397934818340314e+00 -9.988009981374924573e-01 1.214178901778419431e-02 -4.742513130178509922e-02 5.586520561406034346e+01
-4.637840966258204023e-02 7.049246022756365526e-02 9.964335683668178456e-01 1.695015068777955491e+01 1.565490954776672938e-02 9.974357308402702627e-01 -6.983470949460374166e-02 -1.229278824053830599e+00 -9.988012649792833431e-01 1.236025461753017737e-02 -4.736303602567187160e-02 5.584202213610448240e+01
-4.575038308828907607e-02 7.851461177044374851e-02 9.958626201368372399e-01 1.765279477358820159e+01 1.457264944254551761e-02 9.968528534746973202e-01 -7.792320840152740236e-02 -1.270889725558083772e+00 -9.988466050077439151e-01 1.094734022034787868e-02 -4.675056584257224201e-02 5.585676525488485566e+01
-4.404690345471316826e-02 7.912519844584821327e-02 9.958910950836699083e-01 1.837228065079160544e+01 1.525208540458197239e-02 9.967956624237120922e-01 -7.852248890664599579e-02 -1.314805305068804664e+00 -9.989130313429985808e-01 1.173074354798137216e-02 -4.511258659120718356e-02 5.581834080801500164e+01
-4.032474640170701646e-02 7.410404493825278882e-02 9.964348976985012429e-01 1.910794627034798410e+01 1.701297285642176110e-02 9.971523848845850191e-01 -7.346890548783893693e-02 -1.370632546556127762e+00 -9.990417776961187935e-01 1.398970488552511542e-02 -4.147064714941631203e-02 5.577640236357262893e+01
-3.941349084765655847e-02 6.727401327246416984e-02 9.969557582347439162e-01 1.984451846858137358e+01 1.325297159909560527e-02 9.976784421307737238e-01 -6.679883869736302771e-02 -1.431252862213374444e+00 -9.991350937100509366e-01 1.057985093180408356e-02 -4.021357073508419200e-02 5.577923964658252487e+01
-3.663581980806907001e-02 6.614771892656334806e-02 9.971370497518374787e-01 2.057934402699466858e+01 1.265991801967898504e-02 9.977575437430368233e-01 -6.572374289103692646e-02 -1.470737982175472913e+00 -9.992484892071255009e-01 1.021583010257165122e-02 -3.739109028351211839e-02 5.574895304337727708e+01
-3.406193558539814120e-02 7.169343468116483320e-02 9.968449407845677568e-01 2.130536138775186572e+01 1.956543754558515147e-02 9.972804064168409033e-01 -7.105620754530096728e-02 -1.516979528121528142e+00 -9.992281912545418754e-01 1.708339546719876700e-02 -3.537201438263447989e-02 5.572792243550872371e+01
-3.159252733878889496e-02 7.753388772478606028e-02 9.964890408181228398e-01 2.203425763745762467e+01 1.939871575701393111e-02 9.968464763923130523e-01 -7.694668499174414644e-02 -1.559352508794426884e+00 -9.993125647380423082e-01 1.689966740857577060e-02 -3.299695740751041467e-02 5.570172273560866927e+01
-2.881710077132295517e-02 7.764680761840660195e-02 9.965643722157639939e-01 2.276968135073976995e+01 1.629586717454792680e-02 9.968824141897971725e-01 -7.720036911934051449e-02 -1.611395560828217333e+00 -9.994518594790654520e-01 1.401518982401615647e-02 -2.999258305034586958e-02 5.566943085138641578e+01
-2.761411105748612718e-02 7.428534185228649611e-02 9.968546277448825377e-01 2.349871944935008727e+01 7.454949172064043346e-03 9.972224869310870599e-01 -7.410624327161330349e-02 -1.659462152878856012e+00 -9.995908586033303012e-01 5.385122550016815945e-03 -2.809120595087729808e-02 5.569452306722152457e+01
-2.299378687171800897e-02 7.090600233127525298e-02 9.972179423770362039e-01 2.423999841543488287e+01 8.985951509257805031e-03 9.974560329366808364e-01 -7.071573398971692237e-02 -1.716603298828214497e+00 -9.996952227758056919e-01 7.334929558522359887e-03 -2.357244933392112218e-02 5.567356303334174328e+01
-2.213512711657915008e-02 7.238705618522625618e-02 9.971309594252726338e-01 2.497814703774337985e+01 7.000800625658017314e-03 9.973620975829710078e-01 -7.224842624935445823e-02 -1.770603982837452905e+00 -9.997304761475108714e-01 5.381486945602313894e-03 -2.258350415948968612e-02 5.569730414413754715e+01
