1.000000000000000000e+00 0.000000000000000000e+00 0.000000000000000000e+00 0.000000000000000000e+00 0.000000000000000000e+00 1.000000000000000000e+00 0.000000000000000000e+00 0.000000000000000000e+00 0.000000000000000000e+00 0.000000000000000000e+00 1.000000000000000000e+00 0.000000000000000000e+00
9.999959817592594113e-01 1.987966566767362941e-03 2.021003281580207884e-03 2.012377027650160029e-03 -1.985818317945838799e-03 9.999974617719392667e-01 -1.064413118299410797e-03 -1.926667003755616267e-02 -2.023114169505380554e-03 1.060395495894067563e-03 9.999973912818216348e-01 1.199255127764269124e+00
9.999978793048611703e-01 -9.580496651285177892e-04 1.823054200866731185e-03 8.297296807660213894e-03 9.590010619248674848e-04 9.999994044028157614e-01 -5.210671512852146654e-04 -3.858566815971135877e-02 -1.822553906850989678e-03 5.228143571752177053e-04 9.999982024795864843e-01 2.384672805123946304e+00
9.999863968764867161e-01 2.418499542606554909e-03 4.621354989929477193e-03 -1.604260826268949502e-02 -2.415737692556587865e-03 9.999969002262206752e-01 -6.031163658151786084e-04 -6.271457253529691411e-02 -4.622799301429335837e-03 5.919441801089331484e-04 9.999891396053788295e-01 3.576037926307015447e+00
9.999863257235097613e-01 1.399804611607828120e-03 5.038741216086399001e-03 -1.365717074724125471e-02 -1.399673732630199278e-03 9.999990200210930880e-01 -2.950076573862765280e-05 -8.883782091664731151e-02 -5.038777573534235221e-03 2.244776861135705254e-05 9.999873050277495734e-01 4.767823329908458696e+00
9.999758280629409413e-01 2.202056527834691353e-04 6.949445971086974129e-03 -6.072303179514597360e-02 -2.219745787255872273e-04 9.999999431635967495e-01 2.537717264971403532e-04 -1.229137784488294749e-01 -6.949389694136773495e-03 -2.553081926849419384e-04 9.999758201079689268e-01 5.961814482688700956e+00
9.999795545565027810e-01 -2.627526650827525915e-04 6.389165048274461287e-03 -4.966457535269960116e-02 2.646219599731747772e-04 9.999999224346907134e-01 -2.917290355582697736e-04 -1.460672652962764773e-01 -6.389087900115331120e-03 2.934137844062394704e-04 9.999795465229047720e-01 7.152434589620382255e+00
9.999714157314286700e-01 4.691414458509245524e-04 7.546365110736016901e-03 -4.487432448816817965e-02 -4.644682115554652564e-04 9.999996993077600038e-01 -6.210102007196346714e-04 -1.675483631994501010e-01 -7.546654183226048779e-03 6.174874028903570410e-04 9.999713329490724778e-01 8.345273918705155225e+00
9.999728032760257790e-01 -9.359931073958440437e-04 7.315505805351529313e-03 -3.245884810664893816e-02 9.304712610184169390e-04 9.999992796920967875e-01 7.581810597943463648e-04 -1.878439327059497621e-01 -7.316210188181013381e-03 -7.513535718418459710e-04 9.999729539024000413e-01 9.536809262957445910e+00
9.999766990862676286e-01 -2.315790784032814933e-04 6.822584236249217698e-03 -3.644899654147513296e-02 2.255749749762860177e-04 9.999995866623883067e-01 8.807899766165585512e-04 -1.988556704179521573e-01 -6.822785388749597231e-03 -8.792304491371316167e-04 9.999763379967323562e-01 1.072872072498624618e+01
9.999839660303817546e-01 1.521047849616619010e-03 5.454731486077223600e-03 -4.402910801025797238e-02 -1.520241755376256203e-03 9.999988328916518121e-01 -1.519221477091428770e-04 -2.182363555659256327e-01 -5.454956200670650623e-03 1.436272012243444912e-04 9.999851113012006021e-01 1.192046002112164693e+01
9.999917653024831266e-01 -1.052541424214261528e-03 3.919372879892334301e-03 -7.467863915544982467e-02 1.053074048295062808e-03 9.999994365615946235e-01 -1.338340067363971318e-04 -2.556008490802984534e-01 -3.919229805731082317e-03 1.379602945190339309e-04 9.999923102727767965e-01 1.311197155065362452e+01
9.999931367142237404e-01 -2.818786183947971213e-03 2.404364551290308957e-03 -7.444459347367077262e-02 2.819389655378451431e-03 9.999959948508007068e-01 -2.476374940918118855e-04 -2.761411012883316918e-01 -2.403656884304587564e-03 2.544146350283880628e-04 9.999970788491207019e-01 1.430377114854345777e+01
9.999965432524501319e-01 -4.050478456584243763e-04 2.597964470771930469e-03 -9.737721937257794169e-02 4.065783269232328928e-04 9.999997441180360491e-01 -5.886067678373065222e-04 -2.938173662054765489e-01 -2.597725392096440333e-03 5.896610092200460637e-04 9.999964520550461700e-01 1.549697564951101469e+01
9.999934445038315411e-01 -3.442171175107110615e-03 1.123568850947643432e-03 -8.590108503578890164e-02 3.443564063417980155e-03 9.999933019513632670e-01 -1.240128602373841843e-03 -3.059258469269283132e-01 -1.119292590300333384e-03 1.243989554033231868e-03 9.999985998360627626e-01 1.668822910994765607e+01
9.999965083445977454e-01 3.025772380603519761e-04 2.625213444135414582e-03 -1.010836990742104702e-01 -3.005732152274483821e-04 9.999996631813585779e-01 -7.637361528767879371e-04 -3.310765760757103382e-01 -2.625443649090349919e-03 7.629444173275459935e-04 9.999962624737459560e-01 1.788169830307443320e+01
9.999980402886753383e-01 -1.594691442552989341e-03 1.173191378793730618e-03 -7.804362304645195980e-02 1.595746361370048568e-03 9.999983228733444474e-01 -8.988014508878104485e-04 -3.516914330818453061e-01 -1.171756100220921549e-03 9.006718053701109027e-04 9.999989078883738669e-01 1.907725049755436686e+01
9.999980876230019078e-01 -1.954160849426325210e-03 -7.749653540913708800e-05 -7.660502751635520080e-02 1.953990037577488497e-03 9.999957880134784372e-01 -2.146130991977952904e-03 -3.751355403759994434e-01 8.169009415703698377e-05 2.145975460308057348e-03 9.999976940553674254e-01 2.027096914417550977e+01
9.999993766539060358e-01 -1.116328527171304204e-03 -2.241468808259292693e-05 -9.743787017465620204e-02 1.116252619621338916e-03 9.999944444528598986e-01 -3.140866680445496360e-03 -4.028029499323223517e-01 2.592080263216118983e-05 3.140839702144020747e-03 9.999950672148723019e-01 2.146535120450538869e+01
9.999993719470156028e-01 1.120760516868033775e-03 1.198955973464737266e-06 -1.160350388664590782e-01 -1.120751194649257558e-03 9.999944206007553849e-01 -3.146853049921495993e-03 -4.252551902755736246e-01 -4.725817934742786668e-06 3.146849729799500953e-03 9.999950486449643572e-01 2.265957953860714014e+01
9.999988269806746599e-01 8.347076921250600259e-04 -1.284250888127234317e-03 -8.800458974442551541e-02 -8.393986285204466146e-04 9.999929627911213759e-01 -3.656470726799737787e-03 -4.366145830204756217e-01 1.281189766343782772e-03 3.657544436122875213e-03 9.999924904325431241e-01 2.385379055619921829e+01
9.999940865959031644e-01 -1.935904395439351196e-03 -2.842366513568094551e-03 -7.529231096798133516e-02 1.924977265133634907e-03 9.999907663472671349e-01 -3.842093535217071167e-03 -4.705757709987835602e-01 2.849778193905272341e-03 3.836599324447424221e-03 9.999885795697210922e-01 2.504760062754075278e+01
9.999959211455996533e-01 2.528442433671416724e-05 -2.856055472466245519e-03 -9.870699857719289483e-02 -3.247549002060431055e-05 9.999968297766861358e-01 -2.517812923820288845e-03 -5.033574892991555805e-01 2.855982756682225523e-03 2.517895405828766454e-03 9.999927517563405033e-01 2.624363059221911598e+01
9.999917920939512817e-01 -1.343245068482920579e-03 -3.822490995997628559e-03 -1.109551438953249591e-01 1.338391090173123282e-03 9.999982952063818376e-01 -1.272121699929271415e-03 -5.200202824434039250e-01 3.824193250639301885e-03 1.266995270582368070e-03 9.999918851015571208e-01 2.744247837763472120e+01
9.999893777894015567e-01 1.358267210347016305e-03 -4.404477103100975198e-03 -1.299588253978834207e-01 -1.364508674779166524e-03 9.999980688242937621e-01 -1.414377516654110201e-03 -5.413812494405678688e-01 4.402547494677856547e-03 1.420372440053107709e-03 9.999893000015993572e-01 2.863798647039972423e+01
9.999821417743910423e-01 1.284548748507999228e-03 -5.836614328135228576e-03 -1.293523739778781323e-01 -1.293307658777124265e-03 9.999980429361845502e-01 -1.497157006244978755e-03 -5.743911827722514296e-01 5.834679734349810729e-03 1.504678807689102627e-03 9.999818460622587057e-01 2.982918218044675029e+01
9.999813244792192801e-01 -1.311187795315810775e-04 -6.110114618657559900e-03 -1.438182157672996120e-01 1.136974014416907135e-04 9.999959280133757789e-01 -2.851496023010239786e-03 -5.906352322859639292e-01 6.110463623030913324e-03 2.850748065682159535e-03 9.999772674765050606e-01 3.102911594869391720e+01
9.999700847750615518e-01 -2.854267856609547360e-03 -7.189068782509854504e-03 -1.551304677067763260e-01 2.834033481336484684e-03 9.999919988112013769e-01 -2.823219404508527444e-03 -6.187591366180540398e-01 7.197069485811657778e-03 2.802760885635528082e-03 9.999701729162899788e-01 3.223327352808792057e+01
9.999748322198903638e-01 -2.187635252410208826e-05 -7.094677457664387912e-03 -1.773570747084039778e-01 4.934101918412689149e-06 9.999971486368236517e-01 -2.388031381382452623e-03 -6.444851447119183119e-01 7.094709469578646191e-03 2.387936274071894311e-03 9.999719810364157135e-01 3.342165891280802725e+01
9.999643529294615085e-01 2.917478527558701735e-04 -8.438468673553047722e-03 -1.854043456606589702e-01 -3.118815843504215844e-04 9.999971078954781323e-01 -2.384728613109488981e-03 -6.637958947593690651e-01 8.437748529167338543e-03 2.387275407499596901e-03 9.999615519188163049e-01 3.461663443951859165e+01
9.999521587794601984e-01 4.781759394946737975e-04 -9.769928355314042717e-03 -1.752567160922525458e-01 -5.012646312182636021e-04 9.999970873706955921e-01 -2.360928609077925667e-03 -6.796580613575683438e-01 9.768770959878670876e-03 2.365712978905518994e-03 9.999494859821846937e-01 3.581480682028229978e+01
9.999450208490576752e-01 3.384749303957085677e-04 -1.048049206378477011e-02 -1.978953585424474138e-01 -3.604972042845512852e-04 9.999977311825870574e-01 -2.099445509262765335e-03 -6.981783982886343720e-01 1.047975767578925022e-02 2.103108271619545666e-03 9.999428741756474226e-01 3.701178762478191686e+01
9.999172384958208148e-01 -4.249092985817872967e-03 -1.214336723027564270e-02 -2.029498644588235701e-01 4.222994030505896300e-03 9.999887198076816697e-01 -2.174069643558707455e-03 -7.016455497773614880e-01 1.215246807483100211e-02 2.122608346960933295e-03 9.999239031313810200e-01 3.820999481570876810e+01
9.999233594064020902e-01 -5.471570163354658178e-03 -1.110572975371348220e-02 -2.409905777708597485e-01 5.463468779620904263e-03 9.999847865774175171e-01 -7.596858652152794827e-04 -7.279301471328493145e-01 1.110971747206724973e-02 6.989518346550972717e-04 9.999380409025471206e-01 3.940830965769741567e+01
9.999059770795387658e-01 -6.319479020454981701e-03 -1.216968304933198700e-02 -2.359576406750651112e-01 6.326500201198063944e-03 9.999798424875913083e-01 5.385292012682683753e-04 -7.545357992335206543e-01 1.216603451480557929e-02 -6.154700694402892537e-04 9.999258016476912925e-01 4.060557286057945703e+01
9.999098297702044835e-01 -6.593688330962878957e-03 -1.169852995521324969e-02 -2.705277707102393681e-01 6.593047932580526141e-03 9.999782612700820472e-01 -9.330716135242949781e-05 -7.773014089489042044e-01 1.169889088237110845e-02 1.616977908863062547e-05 9.999315655036901118e-01 4.180175378662676877e+01
9.998995865826911800e-01 -8.218281192511297725e-03 -1.154454875701576254e-02 -2.885553365475227450e-01 8.213945989814395651e-03 9.999661755578121980e-01 -4.228848100862305165e-04 -7.921519989570698916e-01 1.154763365537507698e-02 3.280160468102386127e-04 9.999332700547741704e-01 4.299933872951704927e+01
9.998847398497847649e-01 -9.143176316987857224e-03 -1.212061641847860319e-02 -3.031120625697382165e-01 9.159887837119639470e-03 9.999571708606556086e-01 1.323970984637072232e-03 -8.149591235727058347e-01 1.210799200275796197e-02 -1.434841870452703040e-03 9.999256661164708238e-01 4.419939596299335705e+01
9.998960862681403050e-01 -9.627635503558796062e-03 -1.072964585929612157e-02 -3.297285941305614365e-01 9.677535853206272257e-03 9.999425517611751912e-01 4.608522231903402176e-03 -8.461104819240526931e-01 1.068466028777948634e-02 -4.711879875655662110e-03 9.999318157867427281e-01 4.539918539458012958e+01
9.998942534129807713e-01 -1.061487773745589495e-02 -9.940138948529908536e-03 -3.282696280589483817e-01 1.067847664277658294e-02 9.999227119483179438e-01 6.367123880773171117e-03 -8.435830953572135416e-01 9.871784453023495221e-03 -6.472596120741668999e-03 9.999303242582311402e-01 4.660007195904005073e+01
9.999265739241665063e-01 -8.683490403542876504e-03 -8.452440753358507822e-03 -3.523491581919226956e-01 8.770644983771351891e-03 9.999081863950554094e-01 1.032930620717054972e-02 -8.634130585682558978e-01 8.361970272977149385e-03 -1.040268112384393033e-02 9.999109268722838895e-01 4.780533103212032842e+01
9.999047136325297513e-01 -1.119089598602096905e-02 -8.082543069970726454e-03 -3.661106082217563951e-01 1.128781751956067086e-02 9.998637171698302462e-01 1.204708524816087978e-02 -8.714544784345348294e-01 7.946623880179297383e-03 -1.213717159643698702e-02 9.998947645800262407e-01 4.900852038094357255e+01
9.998504292658760839e-01 -1.523914075610322168e-02 -8.178489216120158820e-03 -3.766597947683215653e-01 1.532218582655529501e-02 9.998306895808277694e-01 1.018934707548775284e-02 -8.767705546543832495e-01 8.021827618386646180e-03 -1.031313537891549031e-02 9.999146411170892756e-01 5.020756209384454394e+01
9.998951834410302331e-01 -1.354114921955022234e-02 -5.124393548669343990e-03 -4.229575403145290902e-01 1.358269402500747805e-02 9.998744446127940666e-01 8.161215184119816057e-03 -8.797699574188845295e-01 5.013237920832119138e-03 -8.229962823262697985e-03 9.999535665007035501e-01 5.140794978779943847e+01
9.998845716118383020e-01 -1.415298708486730644e-02 -5.525975858226682240e-03 -4.303011806073177015e-01 1.419689521780845114e-02 9.998673025645773427e-01 7.989081825354052771e-03 -8.999412331885301430e-01 5.412173203507905997e-03 -8.066611358751642549e-03 9.999528179681290707e-01 5.260924099699840895e+01
9.998693202673142322e-01 -1.514334538167812563e-02 -5.658752409306331416e-03 -4.318477317000621873e-01 1.518376513576098243e-02 9.998590157181999061e-01 7.169516255386307498e-03 -9.054419559855636512e-01 5.549384153287150422e-03 -7.254500512463096795e-03 9.999582874089470996e-01 5.381483790399455103e+01
9.998465631766046968e-01 -1.704110121571751971e-02 -4.055979941577861174e-03 -4.813427634859848148e-01 1.706417083338955185e-02 9.998380185197714987e-01 5.722831137365724102e-03 -9.140582788627069633e-01 3.957799603290830179e-03 -5.791164978955265497e-03 9.999753988126344195e-01 5.501796300717982291e+01
9.998413450293877069e-01 -1.660671157938065773e-02 -6.442196856930341650e-03 -4.825285961854441363e-01 1.664333643305587751e-02 9.998453916279704812e-01 5.673816412849860998e-03 -9.202966948155537619e-01 6.346977406639438442e-03 -5.780135883331684321e-03 9.999631522746077472e-01 5.622326254440463345e+01
9.998396169306709158e-01 -1.664017247273646971e-02 -6.621561447702022790e-03 -5.297328961393571456e-01 1.668719775629090921e-02 9.998354711562442709e-01 7.111121487819909229e-03 -9.450008999019973155e-01 6.502141721821261960e-03 -7.220476289662744289e-03 9.999527923233075821e-01 5.742990330662393461e+01
9.998274875792412253e-01 -1.724117522458485860e-02 -6.909193719636464240e-03 -5.455744840553559127e-01 1.728747863881830577e-02 9.998281186067957682e-01 6.698979437819291977e-03 -9.522984751262454362e-01 6.792507879480670294e-03 -6.817266319499727667e-03 9.999536922861158583e-01 5.863493924955961489e+01
9.998271009780064222e-01 -1.697552254057597271e-02 -7.589452179724400296e-03 -5.645469328040835233e-01 1.702730846408708615e-02 9.998318218287380876e-01 6.811668304953306420e-03 -9.703903561575271119e-01 7.472544170686264836e-03 -6.939718517503014501e-03 9.999479993432230929e-01 5.984095663063018833e+01
9.998040596059898366e-01 -1.746318834098591760e-02 -9.320914566100702361e-03 -5.647941781837858555e-01 1.752469216115036532e-02 9.998249229617747202e-01 6.558093407423227182e-03 -9.853682369454487278e-01 9.204757467653293737e-03 -6.720154570448485208e-03 9.999350538722554527e-01 6.104474643877979645e+01
9.998059562465911876e-01 -1.574940708190887204e-02 -1.183241439466198655e-02 -5.536774018085547366e-01 1.582865772495371456e-02 9.998527094624932721e-01 6.634227546603056573e-03 -1.006037255204152325e+00 1.172618644168030300e-02 -6.820231453702024250e-03 9.999079862639623784e-01 6.224840778385118512e+01
9.998529451553471725e-01 -1.323263678411126798e-02 -1.090804235039109435e-02 -5.929301695845183851e-01 1.330108654933848285e-02 9.998921489371742632e-01 6.226683740951003028e-03 -1.030506867590927023e+00 1.082447046211670004e-02 -6.370856892327339885e-03 9.999211183996825625e-01 6.344968130203448453e+01
9.998541564254647129e-01 -1.421600815006222006e-02 -9.464195211405807689e-03 -6.545847597141214447e-01 1.427953748016713709e-02 9.998757337791338573e-01 6.679207213018032406e-03 -1.035175209229061810e+00 9.368067467456483999e-03 -6.813377423803831240e-03 9.999329063492238268e-01 6.464850435054609079e+01
9.999348943985554294e-01 -7.175396108627086177e-03 -8.872466107780637573e-03 -6.597229949735214927e-01 7.254850626919108827e-03 9.999335794516188702e-01 8.955658962774486892e-03 -1.052753594755109212e+00 8.807616393243938163e-03 -9.019444315515656729e-03 9.999205346014793383e-01 6.585156755557093788e+01
9.999375532176097980e-01 -8.179110916564442252e-03 -7.615235373418662891e-03 -6.980335596455895519e-01 8.234659536308450850e-03 9.999395078137311987e-01 7.291851312154347745e-03 -1.064458691068131735e+00 7.555133850512086441e-03 -7.354104830091107159e-03 9.999444170025894030e-01 6.704847920465782352e+01
9.999535211664435375e-01 -5.339613326044394606e-03 -8.027704301820103722e-03 -7.113736816937167307e-01 5.390428463486484495e-03 9.999654889942133362e-01 6.321716661490180134e-03 -1.082535820750373690e+00 7.993671735140636669e-03 -6.364695601238586770e-03 9.999477945683439284e-01 6.824212827322601527e+01
9.999734627547781640e-01 -1.987989364091668609e-03 -7.008686360849615028e-03 -7.356762765502651291e-01 2.037644210746760668e-03 9.999728267899906653e-01 7.084750363270467428e-03 -1.104664834216794844e+00 6.994411503973132181e-03 -7.098843562700790991e-03 9.999503410808889825e-01 6.943633469553650173e+01
9.999657609551200199e-01 -7.724492629044126262e-05 -8.274717558174911683e-03 -7.349596460590596125e-01 1.406964431042322030e-04 9.999705920063325371e-01 7.667811097073915817e-03 -1.123102859771416773e+00 8.273881915829686684e-03 -7.668712781873618205e-03 9.999363648364394397e-01 7.062751783792734273e+01
9.999672780140170802e-01 1.422213899905226588e-03 -7.963680610095009993e-03 -7.588592826949120962e-01 -1.362846898554586446e-03 9.999712809830221261e-01 7.455189971456653922e-03 -1.124617697194768784e+00 7.974054775819526195e-03 -7.444092745414227115e-03 9.999404981965831496e-01 7.181753594826219000e+01
9.999775343393523253e-01 2.527412501484771826e-03 -6.208301107013618723e-03 -7.929610743429108544e-01 -2.472578578795841999e-03 9.999580089699244834e-01 8.824208297741342050e-03 -1.149191706118560585e+00 6.230342828421922899e-03 -8.808659543743678488e-03 9.999417934786424267e-01 7.300336361968963672e+01
9.999866656695930445e-01 1.259775077264570263e-03 -5.008138352979208882e-03 -7.878182053683312480e-01 -1.216784119293968635e-03 9.999624678176022297e-01 8.578017984629614234e-03 -1.145440959359825595e+00 5.018756759885829692e-03 -8.571809779287793696e-03 9.999506668619677630e-01 7.418899924152306369e+01
9.999948651695247381e-01 -1.924607027725860507e-03 -2.562327530152187435e-03 -7.859369563386714441e-01 1.941622926731619882e-03 9.999759705434071444e-01 6.654955761543531953e-03 -1.162285340217867224e+00 2.549457784185553497e-03 -6.659896663351568338e-03 9.999745726974466065e-01 7.536720369875813219e+01
9.999710527723097986e-01 -7.512580380078829126e-03 -1.206131613658625477e-03 -7.705373807832908151e-01 7.513868425447611105e-03 9.999712012756888369e-01 1.066958549949225711e-03 -1.168548959906171580e+00 1.198081266737505493e-03 -1.075990378705315347e-03 9.999987034221514692e-01 7.654250629535690109e+01
9.999723483368200272e-01 -7.362376824077723064e-03 1.047840275983179855e-03 -7.839484065558792736e-01 7.361236602982157429e-03 9.999723139606775391e-01 1.087891451417519586e-03 -1.186187085574666567e+00 -1.055820732245707928e-03 -1.080147969215251727e-03 9.999988592608227700e-01 7.771801983873885433e+01
9.999359967669171345e-01 -1.031383760234417211e-02 4.650497141481245954e-03 -7.871076509343115646e-01 1.029117595965134933e-02 9.999351812552664809e-01 4.870830049604210968e-03 -1.205595761797242815e+00 -4.700432652214950498e-03 -4.822659216349749721e-03 9.999773236883753302e-01 7.889637669564895361e+01
9.999028727236507486e-01 -1.170215944265955328e-02 7.569979086345577507e-03 -7.677156804734354134e-01 1.165784355076213315e-02 9.999148033003903979e-01 5.872037507965709516e-03 -1.220442641768633818e+00 -7.638049668283354056e-03 -5.783217541084132579e-03 9.999541062429505578e-01 8.007012233294543080e+01
9.998541044625627316e-01 -1.193087718747057845e-02 1.222390931339076107e-02 -7.761204980982637780e-01 1.188177754340239388e-02 9.999210793580243228e-01 4.081472516304294508e-03 -1.236797281509463886e+00 -1.227164014195689622e-02 -3.935635276504910809e-03 9.999169553633927565e-01 8.123621638066407513e+01
9.998059382945053697e-01 -1.199160806409914175e-02 1.562968608381691549e-02 -7.695297671093289660e-01 1.197454948724124488e-02 9.999276008781984304e-01 1.184553315055494578e-03 -1.261350820216979640e+00 -1.564275920735611752e-02 -9.971649891375733172e-04 9.998771473267930032e-01 8.240072419065666054e+01
9.997231709077737394e-01 -1.486424153760735126e-02 1.823830786053747682e-02 -7.400720831595520854e-01 1.490603427837807783e-02 9.998865708555918497e-01 -2.157675774031963048e-03 -1.284637809361258709e+00 -1.820416689101686872e-02 2.428939308755541284e-03 9.998313400577312215e-01 8.355930876717880551e+01
9.995564519427779793e-01 -1.999920106564123667e-02 2.206652071122991096e-02 -7.542141613152747448e-01 2.007447580340828222e-02 9.997933822949947036e-01 -3.195018053410380709e-03 -1.319872020636504883e+00 -2.199806356890509837e-02 3.636574745443633960e-03 9.997513993605307014e-01 8.471849193631258856e+01
9.994666649642199863e-01 -1.782490733437384553e-02 2.736162100130218322e-02 -7.477267183297016118e-01 1.787509608782251319e-02 9.998389622417932499e-01 -1.590761802814176897e-03 -1.348288588726390236e+00 -2.732885956546949116e-02 2.079004998328662542e-03 9.996243350244470305e-01 8.587802175685372674e+01
9.993949504895998093e-01 -1.770532080655479873e-02 2.993751076868455055e-02 -7.093113188409144731e-01 1.773109355359033662e-02 9.998426143991688830e-01 -5.956113135189222089e-04 -1.381124735489867916e+00 -2.992225354618343811e-02 1.126075743387099743e-03 9.995515948144637619e-01 8.703152594772272721e+01
9.992973707758854296e-01 -1.617595036262222882e-02 3.380981204127743445e-02 -6.842139407925180716e-01 1.626817492204125915e-02 9.998646519963697576e-01 -2.454419053858446133e-03 -1.415615247479720562e+00 -3.376553338993072001e-02 3.002718443672461324e-03 9.994252710617441693e-01 8.818400389483153390e+01
9.991329900018913746e-01 -1.381721960426008679e-02 3.927279888530589569e-02 -6.653603228428031091e-01 1.401907123519949457e-02 9.998898732577830017e-01 -4.868983286665105187e-03 -1.439543214051112185e+00 -3.920119808858604782e-02 5.415329994654363190e-03 9.992166633265615605e-01 8.933381634744789324e+01
9.990048731493761380e-01 -1.516108844616648188e-02 4.194525981470734188e-02 -5.983148737632602021e-01 1.537704131972178132e-02 9.998700975771754873e-01 -4.830587052480672487e-03 -1.467478657929294439e+00 -4.186657406628221945e-02 5.470773998938366876e-03 9.991082326794246127e-01 9.048241916233988036e+01
9.988746591708860256e-01 -1.686658745388205233e-02 4.432757035867857659e-02 -5.547307453298976343e-01 1.703075430520930092e-02 9.998494261520285420e-01 -3.328427746782242937e-03 -1.495030042581019680e+00 -4.426475656816376836e-02 4.079614090868250928e-03 9.990115054767033653e-01 9.163534512451160197e+01
9.988409755665654810e-01 -1.413487301424244148e-02 4.600989995750795480e-02 -5.708189059920625308e-01 1.423791812711361696e-02 9.998968063704966047e-01 -1.912667639094273652e-03 -1.529644307937431780e+00 -4.597811671474152928e-02 2.565535999199896298e-03 9.989391527057095432e-01 9.279051705545435880e+01
9.986436109809337935e-01 -1.559023219621082784e-02 4.967779088311224944e-02 -5.346944678878958745e-01 1.562515639617531940e-02 9.998778702626031079e-01 -3.147169004643914059e-04 -1.540843075527920103e+00 -4.966681723800322329e-02 1.090513273882300505e-03 9.987652467152852154e-01 9.394690404849389154e+01
9.985247907548873147e-01 -2.132448014293376534e-02 4.993504575484396940e-02 -4.262317977610461384e-01 2.130076584167161710e-02 9.997726057334379579e-01 1.007074744408879537e-03 -1.577716055629603487e+00 -4.994516615712866342e-02 5.806561848237640460e-05 9.987519597006653260e-01 9.509804237033891638e+01
9.983479842655615943e-01 -2.221927658343452253e-02 5.298684800018851199e-02 -3.717420297707244026e-01 2.234542738979010401e-02 9.997487082299140182e-01 -1.789488026431347448e-03 -1.598321408999056059e+00 -5.293377171196149422e-02 2.970545528657823030e-03 9.985936068649784447e-01 9.625076989559801177e+01
9.981232692738207790e-01 -2.850766212362317725e-02 5.419642547605175997e-02 -2.799331478736566403e-01 2.886336001084710903e-02 9.995665879134646437e-01 -5.791612549983270533e-03 -1.617140963348676186e+00 -5.400783075647779680e-02 7.345034192573595376e-03 9.985134975000032886e-01 9.740641691369100386e+01
9.979695133261252682e-01 -3.294189657929108561e-02 5.451313531042355914e-02 -1.554798847790730965e-01 3.346689916077642823e-02 9.994015595517031780e-01 -8.745823357297394587e-03 -1.651734339509410399e+00 -5.419240843675371400e-02 1.055245068189067555e-02 9.984747511341637294e-01 9.855995032869000738e+01
9.978110030655276130e-01 -3.749235321814405053e-02 5.447499987634426416e-02 -3.923354045074382845e-02 3.809115031436813292e-02 9.992242772610263613e-01 -9.995398937449146912e-03 -1.675873901181748504e+00 -5.405799135271568273e-02 1.204853444848187280e-02 9.984651052433196616e-01 9.972323302167743009e+01
9.977627394231847191e-01 -3.954838677240082867e-02 5.390214209508665394e-02 4.443955772725891040e-02 4.010373650895647513e-02 9.991526112514494962e-01 -9.260115951832783784e-03 -1.702101017025571039e+00 -5.349024337913234339e-02 1.140107596332732252e-02 9.985032845865452478e-01 1.008962492824370543e+02
9.979692347234120353e-01 -3.418554814287295268e-02 5.374713800506213113e-02 3.255224018142453130e-02 3.464685821201819727e-02 9.993701503091597660e-01 -7.674495885398010045e-03 -1.745737168403263428e+00 -5.345092853824382623e-02 9.521080255402365397e-03 9.985250859488552511e-01 1.020777945239874782e+02
9.978981693587052337e-01 -3.896422160752813918e-02 5.177869277087550348e-02 7.918543969950178618e-02 3.934816350139587471e-02 9.992049618653729981e-01 -6.416090141030441826e-03 -1.760587717413625963e+00 -5.148752877745281509e-02 8.440001075212233070e-03 9.986379728221034258e-01 1.032626758419676634e+02
9.979444570107554036e-01 -4.134475107892744694e-02 4.896398962223387497e-02 1.387022805000650005e-01 4.163542303435553704e-02 9.991207016608791847e-01 -4.931030463815129841e-03 -1.802034393745157947e+00 -4.871706344039354597e-02 6.959530940087566182e-03 9.987883723085871912e-01 1.044534109859034885e+02
9.982682105668274630e-01 -3.389384314076681476e-02 4.808104791754411189e-02 1.257434634069998780e-01 3.416338881478545725e-02 9.994047574340795270e-01 -4.795172867683628395e-03 -1.837615590369155116e+00 -4.788990119419951619e-02 6.429480172611206149e-03 9.988319273773336171e-01 1.056522097003588101e+02
9.984705958530400993e-01 -3.165775500630939321e-02 4.532389838519589043e-02 1.710892135744601084e-01 3.191294086903852939e-02 9.994785546394445719e-01 -4.917623506209380276e-03 -1.864605335135707476e+00 -4.514458352848793599e-02 6.356521361547531022e-03 9.989602400567396678e-01 1.068517085564389646e+02
9.987079991170497717e-01 -2.801420777486663544e-02 4.239736621963312302e-02 1.930375659473698435e-01 2.827336145983908380e-02 9.995849587815136550e-01 -5.525143394872467778e-03 -1.885367334337287426e+00 -4.222498705004697206e-02 6.716720964801386161e-03 9.990855499546092977e-01 1.080571332056306773e+02
9.988827905265236229e-01 -2.808462494244189089e-02 3.800558684961548306e-02 2.270767626370309988e-01 2.831336928881069900e-02 9.995839990369825845e-01 -5.493813681069177786e-03 -1.902432344435633693e+00 -3.783548479214966787e-02 6.563742155890958142e-03 9.992624246810516420e-01 1.092642459736390776e+02
9.990312646456386281e-01 -2.827678595758276181e-02 3.371877276000705831e-02 3.244588970815979190e-01 2.843717317000341721e-02 9.995863911246849476e-01 -4.286474126892321490e-03 -1.936615316518447427e+00 -3.358361866493009273e-02 5.241188247917256959e-03 9.994221683068267303e-01 1.104737528411472738e+02
9.991632917971676742e-01 -2.790626903739506712e-02 2.989910489388086789e-02 3.285530880177057189e-01 2.800285270309088581e-02 9.996038756119098867e-01 -2.816398791126098564e-03 -1.974553670777140946e+00 -2.980866594686872734e-02 3.651302517453342694e-03 9.995489539909461207e-01 1.116895791399355033e+02
9.993559570138136339e-01 -2.449477681944178115e-02 2.622359795232762775e-02 3.449882719581092161e-01 2.457169981386607416e-02 9.996946497989824820e-01 -2.615096854629706761e-03 -1.979311981137327869e+00 -2.615153435760627157e-02 3.257770996767008018e-03 9.996526817744632032e-01 1.129064497053976197e+02
9.995844448000704707e-01 -1.899545506586633806e-02 2.168202943844845659e-02 4.337569586692581192e-01 1.904922758362186802e-02 9.998159559979044042e-01 -2.276194296588578830e-03 -2.008997393347259131e+00 -2.163480164449517115e-02 2.688274325460974622e-03 9.997623260250183552e-01 1.141220912458415597e+02
9.997170309833095514e-01 -1.608005283053159581e-02 1.752968519051867693e-02 4.361002186424887683e-01 1.612455756301891044e-02 9.998671094477266097e-01 -2.400434972385830611e-03 -2.037969516674675408e+00 -1.748875653980046588e-02 2.682414141578787475e-03 9.998434617724243356e-01 1.153424197674051612e+02
9.998341254551827983e-01 -1.205712525059608568e-02 1.365090861284057148e-02 4.179005402133120772e-01 1.208840969250716234e-02 9.999244868336091274e-01 -2.211556388874477263e-03 -2.071231346808228846e+00 -1.362321277712784384e-02 2.376207323952730932e-03 9.999043762842441119e-01 1.165653994197031551e+02
9.998420082358920880e-01 -1.581704546026253475e-02 8.110464827687045158e-03 4.333480983397064445e-01 1.583813830867535771e-02 9.998713347519896377e-01 -2.543091858704350176e-03 -2.105679963133030075e+00 -8.069197093179920552e-03 2.671144734824447246e-03 9.999638758695627017e-01 1.177908044247170380e+02
9.999042692616345596e-01 -1.256559729113775926e-02 5.792933373357973988e-03 3.817349749609693088e-01 1.258076352630719402e-02 9.999175070912648122e-01 -2.589092794116171995e-03 -2.142983683582774024e+00 -5.759922000033796535e-03 2.661724463245756719e-03 9.999798690580908866e-01 1.190178388503115201e+02
9.999430509875136819e-01 -1.022230467077843777e-02 3.065822727355413044e-03 3.934249297219212238e-01 1.023057325451043505e-02 9.999440384506437240e-01 -2.693573446729474914e-03 -2.166124349580045738e+00 -3.038116630740107273e-03 2.724785174379756262e-03 9.999916726618746088e-01 1.202494689215529888e+02
9.999524525591445556e-01 -9.712660024713687390e-03 8.699748220394857732e-04 3.918695767606211744e-01 9.714799143966210138e-03 9.999497117388624901e-01 -2.489311344416003657e-03 -2.194235097569047443e+00 -8.457532377346356663e-04 2.497644614689082873e-03 9.999965232303770213e-01 1.214794340582090371e+02
9.999147979171126854e-01 -1.287702251715556676e-02 -2.139905948170427261e-03 4.170871761155168778e-01 1.287178297975104420e-02 9.999141671634925732e-01 -2.444485359485452404e-03 -2.216468366181315819e+00 2.171199966989831483e-03 2.416732679279881470e-03 9.999947226330062611e-01 1.227204498527302263e+02
9.999705497249773423e-01 -7.351198309359582850e-03 -2.204442364379441584e-03 3.803628568310703506e-01 7.348676667764126279e-03 9.999723370528976751e-01 -1.149817468419493758e-03 -2.258238635482999079e+00 2.212833919236691527e-03 1.133583871810863591e-03 9.999969091720505299e-01 1.239600713346590766e+02
9.998923446577185903e-01 -1.421665854764429630e-02 -3.631213932531687609e-03 3.940391309837408818e-01 1.421227239229155836e-02 9.998982429640622671e-01 -1.230865890731081816e-03 -2.274081181975686761e+00 3.648343231051385128e-03 1.179125579919080256e-03 9.999926496002546905e-01 1.252014705045295671e+02
9.999728372607425975e-01 -6.461040558140157715e-03 -3.546786658502356498e-03 3.438927303825026760e-01 6.465728400189115800e-03 9.999782364741992557e-01 1.311843823939352113e-03 -2.305749029976023934e+00 3.538233591766836925e-03 -1.334740749894328116e-03 9.999928496595279492e-01 1.264465226197739440e+02
9.999797869511558579e-01 -4.705114365106208979e-03 -4.276398943808996933e-03 3.194394038083441245e-01 4.722782120692469929e-03 9.999803157535359643e-01 4.130791027444997640e-03 -2.316915657056325184e+00 4.256878921915569457e-03 -4.150904032036374820e-03 9.999823243325673960e-01 1.276965697905881285e+02
9.999327247137370644e-01 -9.942356133139875277e-03 -5.974579573300428659e-03 2.954785774498120410e-01 9.967465675594576816e-03 9.999415544676987233e-01 4.187753185423295429e-03 -2.346867868254187695e+00 5.932594252249674509e-03 -4.247022869951343205e-03 9.999733832068649075e-01 1.289459282008811556e+02
9.998789836754584659e-01 -1.405898104247515004e-02 -6.660559749308495384e-03 2.953111561041282251e-01 1.407848041812771560e-02 9.998967173834828470e-01 2.889801873182102146e-03 -2.374807262640941108e+00 6.619244159518394843e-03 -2.983222719984579552e-03 9.999736426471261819e-01 1.301960481027382741e+02
9.997700935611204542e-01 -2.014902085028916559e-02 -7.333278909019080860e-03 2.666062771815653210e-01 2.017781756992176670e-02 9.997889005448763466e-01 3.874277403221820272e-03 -2.394850473867690344e+00 7.253667961659646980e-03 -4.021356245915749805e-03 9.999656059060473279e-01 1.314512687861669917e+02
9.996697839268012808e-01 -2.417635440369683003e-02 -8.707869514601316446e-03 2.528129241574127994e-01 2.423171514116583339e-02 9.996864601271524542e-01 6.309153649695696184e-03 -2.415216232316511391e+00 8.552606915678362051e-03 -6.518076879315938023e-03 9.999421821229187435e-01 1.327091343142913615e+02
9.994509144078130847e-01 -3.139792005280842707e-02 -1.058490934008475028e-02 2.624588199654384058e-01 3.147587632781816136e-02 9.994779956979955582e-01 7.280475597646406984e-03 -2.416327094815931442e+00 1.035079218111142722e-02 -7.609647290720537686e-03 9.999174737793803391e-01 1.339717036942075765e+02
9.993338009482868323e-01 -3.487640400768425575e-02 -1.075131274479274035e-02 2.570683729122557604e-01 3.496989283888090466e-02 9.993510718801856818e-01 8.633755079643120126e-03 -2.432271626483219151e+00 1.044322158536654943e-02 -9.003975534758427643e-03 9.999049292545225676e-01 1.352351863218657684e+02
9.991640159441418367e-01 -3.964242044849308755e-02 -9.987379203455116691e-03 2.508358792784946556e-01 3.971458240452105382e-02 9.991856002180777852e-01 7.133600864132451716e-03 -2.447664775747515176e+00 9.696452279242030042e-03 -7.524281881929395684e-03 9.999246791610660878e-01 1.364985310598805768e+02
9.991771796984182386e-01 -3.962297307177152506e-02 -8.659305680174891190e-03 2.368909025937833424e-01 3.967438249079571766e-02 9.991955487933783520e-01 5.847960797445123961e-03 -2.458989860630723445e+00 8.420626098069882576e-03 -6.186701582237517059e-03 9.999454073996500991e-01 1.377654723079408541e+02
9.990226347067244772e-01 -4.325412695599389901e-02 -9.102518602200982203e-03 2.233487995858139397e-01 4.330235060083546805e-02 9.990486409876673246e-01 5.169078559296570556e-03 -2.468842966005994288e+00 8.870274858844392346e-03 -5.558186933177039664e-03 9.999452108900505065e-01 1.390328674000475075e+02
9.988843686751978090e-01 -4.627282925397405849e-02 -9.425671815757496325e-03 2.247213720325381969e-01 4.632962315763421851e-02 9.989087894867980655e-01 5.898839216871312047e-03 -2.485790183562617717e+00 9.142430443699074011e-03 -6.328946110291984103e-03 9.999381782923973949e-01 1.403068206724036600e+02
9.988207344336353932e-01 -4.744158564828181157e-02 -1.031680263571101153e-02 2.120277499214063832e-01 4.752283309309505988e-02 9.988398687391523145e-01 7.777978656045594213e-03 -2.512378637317831398e+00 9.935834149879916796e-03 -8.259090043351281080e-03 9.999165298320680240e-01 1.415821348214603290e+02
9.989804576160120630e-01 -4.384684979207954109e-02 -1.074704911162126762e-02 2.230395300128321934e-01 4.394880295129745956e-02 9.989891704602289479e-01 9.441399385004231246e-03 -2.515744057521766663e+00 1.032221005625244027e-02 -9.904093421880998116e-03 9.998976752213439845e-01 1.428565681071891049e+02
9.989669090822591579e-01 -4.443961668819756267e-02 -9.499211927153106486e-03 1.886002318187137705e-01 4.451416905030012444e-02 9.989784088400414097e-01 7.786361486343533478e-03 -2.527881539133605138e+00 9.143484696372787893e-03 -8.201166992579052989e-03 9.999245659286354337e-01 1.441290716618828185e+02
9.989315734820388704e-01 -4.547458238167009781e-02 -8.232487953506914188e-03 1.450544400717018179e-01 4.552587800130777212e-02 9.989442011271821853e-01 6.154467206982795757e-03 -2.544141997643748265e+00 7.943924275985775676e-03 -6.522682853232917612e-03 9.999471729423990984e-01 1.453995469502158073e+02
9.988036054686471044e-01 -4.833789232734046759e-02 -7.403098552272156276e-03 1.210140393626057409e-01 4.836269058820617112e-02 9.988246886231144650e-01 3.208045514746401400e-03 -2.547900088725419288e+00 7.239327447646324784e-03 -3.562241191313177818e-03 9.999674507581749472e-01 1.466694923637255101e+02
9.986404299799530593e-01 -5.154698109017477603e-02 -7.758888447228566056e-03 1.282064477426873850e-01 5.153858826879427479e-02 9.986701862148696929e-01 -1.277922076558585989e-03 -2.555847890716186566e+00 7.814443595529118117e-03 8.763024949106935088e-04 9.999690828046794433e-01 1.479368678640876738e+02
9.985258451096531429e-01 -5.385819950906305109e-02 -6.740251752502095413e-03 9.951793316311657867e-02 5.382740450917283120e-02 9.985393346299376027e-01 -4.669873726718155003e-03 -2.572482686587688416e+00 6.981917491037318256e-03 4.300179351951577585e-03 9.999663800776957823e-01 1.492027058641714348e+02
9.985034589552562734e-01 -5.446437669507956519e-02 -4.947133068505856629e-03 5.098592678226379626e-02 5.443487645446585393e-02 9.984998091713283008e-01 -5.913992748097400727e-03 -2.601553119936312441e+00 5.261813353652506318e-03 5.635845637824190603e-03 9.999702748402971020e-01 1.504673104522290714e+02
9.985391038409521247e-01 -5.386688610315779752e-02 -4.244606230251357637e-03 2.687343575584368385e-02 5.384475452959407854e-02 9.985359533965729728e-01 -5.166447915260332160e-03 -2.644427130032942053e+00 4.516692390326193345e-03 4.930350490802886190e-03 9.999776453170794444e-01 1.517306896029074039e+02
9.985749973202299179e-01 -5.303621242678080439e-02 -5.927469807346474710e-03 2.677497581201229715e-02 5.300498232820744643e-02 9.985801444633243262e-01 -5.307252774189637028e-03 -2.666638526217535610e+00 6.200530242056467856e-03 4.985504492375367885e-03 9.999683485839316877e-01 1.529995952657505995e+02
9.983941861926023398e-01 -5.618565014432223143e-02 -7.226457961156861932e-03 2.779299373867268400e-02 5.615935862930263728e-02 9.984146196860886890e-01 -3.791257765608736265e-03 -2.696030439560834324e+00 7.428015559391249953e-03 3.379336467281687448e-03 9.999667017805603519e-01 1.542632318110345864e+02
9.985358276832108082e-01 -5.376857823154641142e-02 -5.927969969218700903e-03 -1.415858624584787409e-02 5.375299719090539247e-02 9.985504559038014261e-01 -2.757228195460559219e-03 -2.736806825243437213e+00 6.067629355277100005e-03 2.434544985163054290e-03 9.999786282039855312e-01 1.555273292715109505e+02
9.984836235720907505e-01 -5.455673160711894953e-02 -7.349591464092268892e-03 4.590616827103231878e-03 5.453302201124767684e-02 9.985062170897633926e-01 -3.388796752213658024e-03 -2.753657039573300658e+00 7.523494444847451772e-03 2.982862627615146239e-03 9.999672492446367578e-01 1.567910966755603113e+02
